             x            AR           CA           Po           Ca           CO           TE           U            W            OC           OA           Rp
 0.00000D+00  0.60000D+00  0.30000D+00  0.74000D+00  0.49913D+00  0.49913D+00  0.10000D+00  0.10000D+01 -0.26668D+01 -0.44830D+00  0.00000D+00  0.46122D+02
 0.18954D-02  0.70915D+00  0.17266D+00  0.74309D+00  0.55701D+00  0.52598D+00  0.11819D+00  0.10623D+01 -0.26731D+01 -0.37881D+00  0.00000D+00  0.22163D+02
 0.37908D-02  0.76952D+00  0.10223D+00  0.74235D+00  0.60686D+00  0.54905D+00  0.12825D+00  0.10472D+01 -0.26716D+01 -0.32151D+00  0.00000D+00  0.11170D+02
 0.56861D-02  0.80344D+00  0.62657D-01  0.74035D+00  0.65281D+00  0.57033D+00  0.13391D+00  0.10069D+01 -0.26675D+01 -0.27144D+00  0.00000D+00  0.58249D+01
 0.75815D-02  0.82281D+00  0.40061D-01  0.73815D+00  0.69672D+00  0.59071D+00  0.13713D+00  0.96347D+00 -0.26630D+01 -0.22655D+00  0.00000D+00  0.31345D+01
 0.94769D-02  0.83408D+00  0.26907D-01  0.73619D+00  0.73950D+00  0.61063D+00  0.13901D+00  0.92510D+00 -0.26590D+01 -0.18602D+00  0.00000D+00  0.17417D+01
 0.11372D-01  0.84079D+00  0.19084D-01  0.73456D+00  0.78159D+00  0.63029D+00  0.14013D+00  0.89384D+00 -0.26556D+01 -0.14959D+00  0.00000D+00  0.99950D+00
 0.13268D-01  0.84486D+00  0.14329D-01  0.73328D+00  0.82317D+00  0.64980D+00  0.14081D+00  0.86942D+00 -0.26529D+01 -0.11726D+00  0.00000D+00  0.59110D+00
 0.15163D-01  0.84738D+00  0.11390D-01  0.73229D+00  0.86436D+00  0.66920D+00  0.14123D+00  0.85080D+00 -0.26509D+01 -0.89048D-01  0.00000D+00  0.35815D+00
 0.17058D-01  0.84895D+00  0.95587D-02  0.73155D+00  0.90520D+00  0.68852D+00  0.14149D+00  0.83680D+00 -0.26493D+01 -0.65005D-01  0.00000D+00  0.22002D+00
 0.18954D-01  0.84992D+00  0.84255D-02  0.73099D+00  0.94572D+00  0.70776D+00  0.14165D+00  0.82639D+00 -0.26481D+01 -0.45108D-01  0.00000D+00  0.13485D+00
 0.20849D-01  0.85050D+00  0.77455D-02  0.73058D+00  0.98592D+00  0.72693D+00  0.14175D+00  0.81871D+00 -0.26473D+01 -0.29261D-01  0.00000D+00  0.80542D-01
 0.22745D-01  0.85083D+00  0.73640D-02  0.73027D+00  0.10258D+01  0.74604D+00  0.14181D+00  0.81307D+00 -0.26466D+01 -0.17277D-01  0.00000D+00  0.45264D-01
 0.24640D-01  0.85099D+00  0.71758D-02  0.73005D+00  0.10654D+01  0.76508D+00  0.14183D+00  0.80897D+00 -0.26461D+01 -0.88593D-02  0.00000D+00  0.22636D-01
 0.26535D-01  0.85105D+00  0.71043D-02  0.72989D+00  0.11047D+01  0.78404D+00  0.14184D+00  0.80601D+00 -0.26458D+01 -0.35887D-02  0.00000D+00  0.90833D-02
 0.28431D-01  0.85106D+00  0.70916D-02  0.72978D+00  0.11436D+01  0.80294D+00  0.14184D+00  0.80388D+00 -0.26456D+01 -0.90083D-03  0.00000D+00  0.22770D-02
 0.30326D-01  0.85106D+00  0.70977D-02  0.72969D+00  0.11823D+01  0.82177D+00  0.14184D+00  0.80236D+00 -0.26454D+01 -0.46800D-04  0.00000D+00  0.11843D-03
 0.32221D-01  0.85105D+00  0.71057D-02  0.72963D+00  0.12206D+01  0.84054D+00  0.14184D+00  0.80127D+00 -0.26453D+01  0.36455D-04  0.00000D+00 -0.92376D-04
 0.34117D-01  0.85103D+00  0.71329D-02  0.72959D+00  0.12587D+01  0.85922D+00  0.14184D+00  0.80049D+00 -0.26452D+01  0.89383D-03  0.00000D+00 -0.22740D-02
 0.36012D-01  0.85095D+00  0.72282D-02  0.72956D+00  0.12964D+01  0.87784D+00  0.14182D+00  0.79993D+00 -0.26451D+01  0.39107D-02  0.00000D+00 -0.10083D-01
 0.37908D-01  0.71901D+00  0.14496D-01  0.72954D+00  0.13339D+01  0.89639D+00  0.26650D+00  0.79955D+00 -0.26451D+01  0.10383D-01  0.20856D-01  0.53441D+02
 0.39803D-01  0.57045D+00  0.24229D-01  0.72245D+00  0.13531D+01  0.90609D+00  0.40532D+00  0.67219D+00 -0.26299D+01  0.15549D-01  0.16260D-01  0.33818D+02
 0.41698D-01  0.39933D+00  0.38427D-01  0.71296D+00  0.13608D+01  0.91018D+00  0.56224D+00  0.51167D+00 -0.26093D+01  0.18082D-01  0.14560D-01  0.21751D+02
 0.43594D-01  0.22402D+00  0.58723D-01  0.70334D+00  0.13607D+01  0.91052D+00  0.71726D+00  0.36023D+00 -0.25881D+01  0.18174D-01  0.14503D-01  0.12295D+02
 0.45489D-01  0.90041D-01  0.85628D-01  0.69489D+00  0.13561D+01  0.90863D+00  0.82433D+00  0.23558D+00 -0.25692D+01  0.16771D-01  0.15405D-01  0.50043D+01
 0.47384D-01  0.23259D-01  0.12368D+00  0.68822D+00  0.13496D+01  0.90576D+00  0.85306D+00  0.14244D+00 -0.25542D+01  0.14855D-01  0.16777D-01  0.84918D+00
 0.49280D-01  0.33785D-02  0.19991D+00  0.68335D+00  0.13426D+01  0.90270D+00  0.79672D+00  0.77310D-01 -0.25432D+01  0.12985D-01  0.18308D-01 -0.82583D+00
 0.51175D-01  0.21459D-03  0.41330D+00  0.67998D+00  0.13359D+01  0.89976D+00  0.58649D+00  0.33627D-01 -0.25357D+01  0.11349D-01  0.19842D-01 -0.19620D+01
 0.53071D-01  0.25858D-05  0.77083D+00  0.67784D+00  0.13300D+01  0.89719D+00  0.22916D+00  0.63528D-02 -0.25308D+01  0.10029D-01  0.21249D-01 -0.32849D+01
 0.54966D-01  0.39784D-20  0.71603D+00  0.67674D+00  0.13254D+01  0.89526D+00  0.28397D+00 -0.74306D-02 -0.25283D+01  0.90912D-02  0.22362D-01 -0.27755D+01
 0.56861D-01  0.24428D-28  0.24976D+00  0.67633D+00  0.13220D+01  0.89388D+00  0.75024D+00 -0.12624D-01 -0.25274D+01  0.84378D-02  0.23203D-01 -0.89971D+00
 0.58757D-01  0.95016D-33  0.26710D-01  0.67615D+00  0.13189D+01  0.89268D+00  0.97329D+00 -0.14844D-01 -0.25270D+01  0.78889D-02  0.23959D-01 -0.90007D-01
 0.60652D-01  0.20504D-37  0.44898D-02  0.67603D+00  0.13159D+01  0.89150D+00  0.99551D+00 -0.16287D-01 -0.25267D+01  0.73742D-02  0.24712D-01 -0.14148D-01
 0.62547D-01  0.14855D-42  0.13267D-02  0.67595D+00  0.13130D+01  0.89033D+00  0.99867D+00 -0.17301D-01 -0.25266D+01  0.68865D-02  0.25472D-01 -0.39049D-02
 0.64443D-01  0.45859D-47  0.46816D-03  0.67589D+00  0.13100D+01  0.88916D+00  0.99953D+00 -0.18025D-01 -0.25264D+01  0.64241D-02  0.26238D-01 -0.12857D-02
 0.66338D-01  0.34530D-51  0.18460D-03  0.67585D+00  0.13071D+01  0.88800D+00  0.99982D+00 -0.18546D-01 -0.25263D+01  0.59858D-02  0.27011D-01 -0.47244D-03
 0.68234D-01  0.40324D-55  0.83054D-04  0.67582D+00  0.13043D+01  0.88684D+00  0.99992D+00 -0.18922D-01 -0.25263D+01  0.55706D-02  0.27791D-01 -0.19783D-03
 0.70129D-01  0.60018D-59  0.50970D-04  0.67580D+00  0.13014D+01  0.88569D+00  0.99995D+00 -0.19195D-01 -0.25262D+01  0.51777D-02  0.28578D-01 -0.11285D-03
 0.72024D-01  0.10287D-62  0.57451D-04  0.67578D+00  0.12985D+01  0.88454D+00  0.99994D+00 -0.19395D-01 -0.25262D+01  0.48061D-02  0.29371D-01 -0.11808D-03
 0.73920D-01  0.19116D-66  0.10482D-03  0.67577D+00  0.12957D+01  0.88340D+00  0.99990D+00 -0.19543D-01 -0.25262D+01  0.44550D-02  0.30170D-01 -0.19971D-03
 0.75815D-01  0.00000D+00  0.21988D-03  0.67576D+00  0.12929D+01  0.88226D+00  0.99978D+00 -0.19652D-01 -0.25261D+01  0.41236D-02  0.30976D-01 -0.38776D-03
 0.77710D-01  0.00000D+00  0.46029D-03  0.67576D+00  0.12902D+01  0.88112D+00  0.99954D+00 -0.19734D-01 -0.25261D+01  0.38110D-02  0.31787D-01 -0.75022D-03
 0.79606D-01  0.00000D+00  0.93073D-03  0.67575D+00  0.12874D+01  0.87999D+00  0.99907D+00 -0.19796D-01 -0.25261D+01  0.35166D-02  0.32603D-01 -0.13998D-02
 0.81501D-01  0.00000D+00  0.18080D-02  0.67575D+00  0.12847D+01  0.87887D+00  0.99819D+00 -0.19843D-01 -0.25261D+01  0.32395D-02  0.33425D-01 -0.25049D-02
 0.83397D-01  0.00000D+00  0.33748D-02  0.67575D+00  0.12820D+01  0.87775D+00  0.99663D+00 -0.19876D-01 -0.25261D+01  0.29791D-02  0.34251D-01 -0.43000D-02
 0.85292D-01  0.00000D+00  0.60608D-02  0.67574D+00  0.12793D+01  0.87663D+00  0.99394D+00 -0.19897D-01 -0.25261D+01  0.27348D-02  0.35082D-01 -0.70890D-02
 0.87187D-01  0.00000D+00  0.10485D-01  0.67574D+00  0.12767D+01  0.87552D+00  0.98952D+00 -0.19905D-01 -0.25261D+01  0.25058D-02  0.35917D-01 -0.11237D-01
 0.89083D-01  0.00000D+00  0.17486D-01  0.67574D+00  0.12741D+01  0.87442D+00  0.98251D+00 -0.19896D-01 -0.25261D+01  0.22917D-02  0.36755D-01 -0.17139D-01
 0.90978D-01  0.00000D+00  0.28135D-01  0.67575D+00  0.12715D+01  0.87333D+00  0.97186D+00 -0.19865D-01 -0.25261D+01  0.20919D-02  0.37595D-01 -0.25172D-01
 0.92873D-01  0.00000D+00  0.43691D-01  0.67575D+00  0.12689D+01  0.87224D+00  0.95631D+00 -0.19806D-01 -0.25261D+01  0.19059D-02  0.38436D-01 -0.35613D-01
 0.94769D-01  0.00000D+00  0.65504D-01  0.67576D+00  0.12664D+01  0.87117D+00  0.93450D+00 -0.19709D-01 -0.25261D+01  0.17333D-02  0.39276D-01 -0.48557D-01
 0.96664D-01  0.76717D-68  0.94845D-01  0.67577D+00  0.12639D+01  0.87011D+00  0.90515D+00 -0.19563D-01 -0.25262D+01  0.15737D-02  0.40112D-01 -0.63830D-01
 0.98560D-01  0.41483D-66  0.13270D+00  0.67579D+00  0.12615D+01  0.86907D+00  0.86730D+00 -0.19357D-01 -0.25262D+01  0.14266D-02  0.40943D-01 -0.80955D-01
 0.10045D+00  0.23068D-64  0.17954D+00  0.67581D+00  0.12591D+01  0.86805D+00  0.82046D+00 -0.19079D-01 -0.25262D+01  0.12917D-02  0.41765D-01 -0.99162D-01
 0.10235D+00  0.13235D-62  0.23515D+00  0.67584D+00  0.12568D+01  0.86705D+00  0.76485D+00 -0.18720D-01 -0.25263D+01  0.11684D-02  0.42575D-01 -0.11747D+00
 0.10425D+00  0.78667D-61  0.29860D+00  0.67587D+00  0.12545D+01  0.86608D+00  0.70140D+00 -0.18272D-01 -0.25264D+01  0.10562D-02  0.43371D-01 -0.13484D+00
 0.10614D+00  0.48662D-59  0.36824D+00  0.67592D+00  0.12523D+01  0.86514D+00  0.63176D+00 -0.17731D-01 -0.25265D+01  0.95464D-03  0.44148D-01 -0.15027D+00
 0.10804D+00  0.31488D-57  0.44189D+00  0.67597D+00  0.12502D+01  0.86423D+00  0.55811D+00 -0.17097D-01 -0.25266D+01  0.86298D-03  0.44903D-01 -0.16299D+00
 0.10993D+00  0.21432D-55  0.51708D+00  0.67603D+00  0.12482D+01  0.86336D+00  0.48292D+00 -0.16377D-01 -0.25267D+01  0.78057D-03  0.45636D-01 -0.17247D+00
 0.11183D+00  0.15437D-53  0.59123D+00  0.67609D+00  0.12463D+01  0.86253D+00  0.40877D+00 -0.15578D-01 -0.25269D+01  0.70670D-03  0.46342D-01 -0.17851D+00
 0.11372D+00  0.11838D-51  0.66194D+00  0.67616D+00  0.12444D+01  0.86173D+00  0.33806D+00 -0.14712D-01 -0.25270D+01  0.64062D-03  0.47022D-01 -0.18113D+00
 0.11562D+00  0.97262D-50  0.72710D+00  0.67623D+00  0.12427D+01  0.86097D+00  0.27290D+00 -0.13794D-01 -0.25272D+01  0.58163D-03  0.00000D+00 -0.18060D+00
 0.11751D+00  0.21372D-49  0.78507D+00  0.67631D+00  0.12410D+01  0.86026D+00  0.21493D+00 -0.12840D-01 -0.25274D+01  0.52900D-03  0.00000D+00 -0.17731D+00
 0.11941D+00  0.44316D-49  0.83477D+00  0.67639D+00  0.12394D+01  0.85958D+00  0.16523D+00 -0.11864D-01 -0.25275D+01  0.48207D-03  0.00000D+00 -0.17177D+00
 0.12130D+00  0.86921D-49  0.87573D+00  0.67647D+00  0.12379D+01  0.85893D+00  0.12427D+00 -0.10883D-01 -0.25277D+01  0.44020D-03  0.00000D+00 -0.16451D+00
 0.12320D+00  0.16179D-48  0.90805D+00  0.67654D+00  0.12365D+01  0.85832D+00  0.91952D-01 -0.99094D-02 -0.25279D+01  0.40282D-03  0.00000D+00 -0.15605D+00
 0.12509D+00  0.28699D-48  0.93239D+00  0.67662D+00  0.12351D+01  0.85775D+00  0.67614D-01 -0.89554D-02 -0.25281D+01  0.36940D-03  0.00000D+00 -0.14691D+00
 0.12699D+00  0.48764D-48  0.94979D+00  0.67669D+00  0.12339D+01  0.85721D+00  0.50210D-01 -0.80306D-02 -0.25282D+01  0.33947D-03  0.00000D+00 -0.13749D+00
 0.12889D+00  0.79847D-48  0.96154D+00  0.67677D+00  0.12327D+01  0.85669D+00  0.38458D-01 -0.71425D-02 -0.25284D+01  0.31261D-03  0.00000D+00 -0.12816D+00
 0.13078D+00  0.12680D-47  0.96898D+00  0.67683D+00  0.12315D+01  0.85620D+00  0.31023D-01 -0.62961D-02 -0.25286D+01  0.28846D-03  0.00000D+00 -0.11915D+00
 0.13268D+00  0.19656D-47  0.97332D+00  0.67690D+00  0.12304D+01  0.85574D+00  0.26679D-01 -0.54947D-02 -0.25287D+01  0.26670D-03  0.00000D+00 -0.11063D+00
 0.13457D+00  0.29912D-47  0.97559D+00  0.67696D+00  0.12294D+01  0.85530D+00  0.24408D-01 -0.47398D-02 -0.25288D+01  0.24704D-03  0.00000D+00 -0.10269D+00
 0.13647D+00  0.44902D-47  0.97656D+00  0.67701D+00  0.12284D+01  0.85489D+00  0.23439D-01 -0.40314D-02 -0.25290D+01  0.22923D-03  0.00000D+00 -0.95369D-01
 0.13836D+00  0.66760D-47  0.97676D+00  0.67707D+00  0.12274D+01  0.85449D+00  0.23244D-01 -0.33685D-02 -0.25291D+01  0.21308D-03  0.00000D+00 -0.88652D-01
 0.14026D+00  0.98820D-47  0.97651D+00  0.67712D+00  0.12265D+01  0.85411D+00  0.23487D-01 -0.27496D-02 -0.25292D+01  0.19839D-03  0.00000D+00 -0.82508D-01
 0.14215D+00  0.14590D-46  0.97604D+00  0.67716D+00  0.12257D+01  0.85376D+00  0.23959D-01 -0.21724D-02 -0.25293D+01  0.18501D-03  0.00000D+00 -0.76893D-01
 0.14405D+00  0.21395D-46  0.97545D+00  0.67720D+00  0.12249D+01  0.85341D+00  0.24547D-01 -0.16345D-02 -0.25294D+01  0.17279D-03  0.00000D+00 -0.71761D-01
 0.14594D+00  0.31162D-46  0.97480D+00  0.67724D+00  0.12241D+01  0.85309D+00  0.25197D-01 -0.11333D-02 -0.25295D+01  0.16161D-03  0.00000D+00 -0.67065D-01
 0.14784D+00  0.45092D-46  0.97412D+00  0.67728D+00  0.12233D+01  0.85277D+00  0.25883D-01 -0.66634D-03 -0.25296D+01  0.15136D-03  0.00000D+00 -0.62762D-01
 0.14973D+00  0.64838D-46  0.97341D+00  0.67732D+00  0.12226D+01  0.85247D+00  0.26591D-01 -0.23107D-03 -0.25296D+01  0.14196D-03  0.00000D+00 -0.58813D-01
 0.15163D+00  0.92658D-46  0.97269D+00  0.67735D+00  0.12219D+01  0.85219D+00  0.27314D-01  0.17488D-03 -0.25297D+01  0.13331D-03  0.00000D+00 -0.55183D-01
 0.15353D+00  0.13160D-45  0.97195D+00  0.67738D+00  0.12213D+01  0.85191D+00  0.28049D-01  0.55373D-03 -0.25298D+01  0.12534D-03  0.00000D+00 -0.51842D-01
 0.15542D+00  0.18582D-45  0.97121D+00  0.67741D+00  0.12206D+01  0.85165D+00  0.28795D-01  0.90757D-03 -0.25298D+01  0.11799D-03  0.00000D+00 -0.48761D-01
 0.15732D+00  0.26090D-45  0.97045D+00  0.67743D+00  0.12200D+01  0.85140D+00  0.29549D-01  0.12383D-02 -0.25299D+01  0.11121D-03  0.00000D+00 -0.45917D-01
 0.15921D+00  0.36436D-45  0.96969D+00  0.67746D+00  0.12194D+01  0.85115D+00  0.30312D-01  0.15478D-02 -0.25300D+01  0.10493D-03  0.00000D+00 -0.43286D-01
 0.16111D+00  0.50628D-45  0.96892D+00  0.67748D+00  0.12189D+01  0.85092D+00  0.31082D-01  0.18375D-02 -0.25300D+01  0.99110D-04  0.00000D+00 -0.40851D-01
 0.16300D+00  0.70005D-45  0.96814D+00  0.67750D+00  0.12183D+01  0.85070D+00  0.31860D-01  0.21091D-02 -0.25301D+01  0.93714D-04  0.00000D+00 -0.38593D-01
 0.16490D+00  0.96349D-45  0.96736D+00  0.67752D+00  0.12178D+01  0.85048D+00  0.32645D-01  0.23639D-02 -0.25301D+01  0.88702D-04  0.00000D+00 -0.36497D-01
 0.16679D+00  0.13202D-44  0.96656D+00  0.67754D+00  0.12173D+01  0.85027D+00  0.33436D-01  0.26031D-02 -0.25302D+01  0.84041D-04  0.00000D+00 -0.34549D-01
 0.16869D+00  0.18011D-44  0.96577D+00  0.67756D+00  0.12168D+01  0.85007D+00  0.34234D-01  0.28279D-02 -0.25302D+01  0.79702D-04  0.00000D+00 -0.32737D-01
 0.17058D+00  0.24472D-44  0.96496D+00  0.67758D+00  0.12163D+01  0.84988D+00  0.35037D-01  0.30393D-02 -0.25302D+01  0.75657D-04  0.00000D+00 -0.31048D-01
 0.17248D+00  0.33118D-44  0.96415D+00  0.67759D+00  0.12159D+01  0.84969D+00  0.35846D-01  0.32383D-02 -0.25303D+01  0.71883D-04  0.00000D+00 -0.29473D-01
 0.17437D+00  0.44648D-44  0.96334D+00  0.67761D+00  0.12154D+01  0.84951D+00  0.36659D-01  0.34258D-02 -0.25303D+01  0.68358D-04  0.00000D+00 -0.28003D-01
 0.17627D+00  0.59970D-44  0.96252D+00  0.67762D+00  0.12150D+01  0.84934D+00  0.37478D-01  0.36025D-02 -0.25303D+01  0.65061D-04  0.00000D+00 -0.26628D-01
 0.17817D+00  0.80264D-44  0.96170D+00  0.67763D+00  0.12146D+01  0.84917D+00  0.38301D-01  0.37693D-02 -0.25304D+01  0.61976D-04  0.00000D+00 -0.25343D-01
 0.18006D+00  0.10706D-43  0.96087D+00  0.67765D+00  0.12142D+01  0.84901D+00  0.39129D-01  0.39267D-02 -0.25304D+01  0.59085D-04  0.00000D+00 -0.24139D-01
 0.18196D+00  0.14231D-43  0.96004D+00  0.67766D+00  0.12138D+01  0.84885D+00  0.39960D-01  0.40754D-02 -0.25304D+01  0.56375D-04  0.00000D+00 -0.23011D-01
 0.18385D+00  0.18857D-43  0.95920D+00  0.67767D+00  0.12135D+01  0.84870D+00  0.40795D-01  0.42160D-02 -0.25304D+01  0.53830D-04  0.00000D+00 -0.21952D-01
 0.18575D+00  0.24907D-43  0.95837D+00  0.67768D+00  0.12131D+01  0.84856D+00  0.41634D-01  0.43490D-02 -0.25305D+01  0.51440D-04  0.00000D+00 -0.20959D-01
 0.18764D+00  0.32799D-43  0.95752D+00  0.67769D+00  0.12128D+01  0.84842D+00  0.42475D-01  0.44749D-02 -0.25305D+01  0.49192D-04  0.00000D+00 -0.20025D-01
 0.18954D+00  0.43063D-43  0.95668D+00  0.67770D+00  0.12124D+01  0.84828D+00  0.43320D-01  0.45941D-02 -0.25305D+01  0.47078D-04  0.00000D+00 -0.19146D-01
 0.19143D+00  0.56376D-43  0.95583D+00  0.67771D+00  0.12121D+01  0.84814D+00  0.44167D-01  0.47071D-02 -0.25305D+01  0.45086D-04  0.00000D+00 -0.18320D-01
 0.19333D+00  0.73596D-43  0.95498D+00  0.67772D+00  0.12118D+01  0.84802D+00  0.45017D-01  0.48142D-02 -0.25305D+01  0.43209D-04  0.00000D+00 -0.17541D-01
 0.19522D+00  0.95812D-43  0.95413D+00  0.67772D+00  0.12115D+01  0.84789D+00  0.45869D-01  0.49158D-02 -0.25306D+01  0.41438D-04  0.00000D+00 -0.16807D-01
 0.19712D+00  0.12440D-42  0.95328D+00  0.67773D+00  0.12112D+01  0.84777D+00  0.46723D-01  0.50122D-02 -0.25306D+01  0.39767D-04  0.00000D+00 -0.16114D-01
 0.19901D+00  0.16109D-42  0.95242D+00  0.67774D+00  0.12109D+01  0.84765D+00  0.47579D-01  0.51037D-02 -0.25306D+01  0.38189D-04  0.00000D+00 -0.15460D-01
 0.20091D+00  0.20807D-42  0.95156D+00  0.67775D+00  0.12106D+01  0.84754D+00  0.48436D-01  0.51906D-02 -0.25306D+01  0.36697D-04  0.00000D+00 -0.14843D-01
 0.20281D+00  0.26807D-42  0.95071D+00  0.67775D+00  0.12104D+01  0.84743D+00  0.49295D-01  0.52732D-02 -0.25306D+01  0.35286D-04  0.00000D+00 -0.14259D-01
 0.20470D+00  0.34452D-42  0.94985D+00  0.67776D+00  0.12101D+01  0.84732D+00  0.50155D-01  0.53518D-02 -0.25306D+01  0.33950D-04  0.00000D+00 -0.13706D-01
 0.20660D+00  0.44168D-42  0.94898D+00  0.67777D+00  0.12098D+01  0.84722D+00  0.51015D-01  0.54264D-02 -0.25307D+01  0.32685D-04  0.00000D+00 -0.13183D-01
 0.20849D+00  0.56488D-42  0.94812D+00  0.67777D+00  0.12096D+01  0.84711D+00  0.51877D-01  0.54975D-02 -0.25307D+01  0.31487D-04  0.00000D+00 -0.12688D-01
 0.21039D+00  0.72072D-42  0.94726D+00  0.67778D+00  0.12094D+01  0.84702D+00  0.52739D-01  0.55651D-02 -0.25307D+01  0.30350D-04  0.00000D+00 -0.12219D-01
 0.21228D+00  0.91737D-42  0.94640D+00  0.67778D+00  0.12091D+01  0.84692D+00  0.53602D-01  0.56294D-02 -0.25307D+01  0.29272D-04  0.00000D+00 -0.11774D-01
 0.21418D+00  0.11649D-41  0.94554D+00  0.67779D+00  0.12089D+01  0.84683D+00  0.54464D-01  0.56907D-02 -0.25307D+01  0.28249D-04  0.00000D+00 -0.11352D-01
 0.21607D+00  0.14758D-41  0.94467D+00  0.67779D+00  0.12087D+01  0.84674D+00  0.55327D-01  0.57490D-02 -0.25307D+01  0.27276D-04  0.00000D+00 -0.10951D-01
 0.21797D+00  0.18652D-41  0.94381D+00  0.67780D+00  0.12085D+01  0.84665D+00  0.56190D-01  0.58046D-02 -0.25307D+01  0.26353D-04  0.00000D+00 -0.10570D-01
 0.21986D+00  0.23516D-41  0.94295D+00  0.67780D+00  0.12083D+01  0.84656D+00  0.57053D-01  0.58576D-02 -0.25307D+01  0.25474D-04  0.00000D+00 -0.10209D-01
 0.22176D+00  0.29578D-41  0.94209D+00  0.67780D+00  0.12081D+01  0.84648D+00  0.57915D-01  0.59081D-02 -0.25307D+01  0.24639D-04  0.00000D+00 -0.98645D-02
 0.22365D+00  0.37111D-41  0.94122D+00  0.67781D+00  0.12079D+01  0.84640D+00  0.58776D-01  0.59562D-02 -0.25308D+01  0.23844D-04  0.00000D+00 -0.95373D-02
 0.22555D+00  0.46445D-41  0.94036D+00  0.67781D+00  0.12077D+01  0.84632D+00  0.59637D-01  0.60021D-02 -0.25308D+01  0.23087D-04  0.00000D+00 -0.92260D-02
 0.22745D+00  0.57978D-41  0.93950D+00  0.67781D+00  0.12075D+01  0.84624D+00  0.60497D-01  0.60459D-02 -0.25308D+01  0.22365D-04  0.00000D+00 -0.89295D-02
 0.22934D+00  0.72181D-41  0.93864D+00  0.67782D+00  0.12073D+01  0.84617D+00  0.61356D-01  0.60876D-02 -0.25308D+01  0.21678D-04  0.00000D+00 -0.86470D-02
 0.23124D+00  0.89618D-41  0.93779D+00  0.67782D+00  0.12071D+01  0.84610D+00  0.62214D-01  0.61274D-02 -0.25308D+01  0.21023D-04  0.00000D+00 -0.83779D-02
 0.23313D+00  0.11095D-40  0.93693D+00  0.67782D+00  0.12070D+01  0.84603D+00  0.63071D-01  0.61654D-02 -0.25308D+01  0.20398D-04  0.00000D+00 -0.81213D-02
 0.23503D+00  0.13696D-40  0.93607D+00  0.67783D+00  0.12068D+01  0.84596D+00  0.63926D-01  0.62017D-02 -0.25308D+01  0.19801D-04  0.00000D+00 -0.78765D-02
 0.23692D+00  0.16853D-40  0.93522D+00  0.67783D+00  0.12066D+01  0.84589D+00  0.64780D-01  0.62363D-02 -0.25308D+01  0.19232D-04  0.00000D+00 -0.76430D-02
 0.23882D+00  0.20672D-40  0.93437D+00  0.67783D+00  0.12065D+01  0.84583D+00  0.65632D-01  0.62693D-02 -0.25308D+01  0.18688D-04  0.00000D+00 -0.74200D-02
 0.24071D+00  0.25272D-40  0.93352D+00  0.67783D+00  0.12063D+01  0.84576D+00  0.66482D-01  0.63008D-02 -0.25308D+01  0.18168D-04  0.00000D+00 -0.72072D-02
 0.24261D+00  0.30786D-40  0.93267D+00  0.67784D+00  0.12062D+01  0.84570D+00  0.67330D-01  0.63308D-02 -0.25308D+01  0.17672D-04  0.00000D+00 -0.70038D-02
 0.24450D+00  0.37365D-40  0.93182D+00  0.67784D+00  0.12060D+01  0.84564D+00  0.68175D-01  0.63595D-02 -0.25308D+01  0.17197D-04  0.00000D+00 -0.68095D-02
 0.24640D+00  0.45176D-40  0.93098D+00  0.67784D+00  0.12059D+01  0.84558D+00  0.69018D-01  0.63869D-02 -0.25308D+01  0.16744D-04  0.00000D+00 -0.66238D-02
 0.24829D+00  0.54402D-40  0.93014D+00  0.67784D+00  0.12058D+01  0.84553D+00  0.69858D-01  0.64130D-02 -0.25308D+01  0.16309D-04  0.00000D+00 -0.64461D-02
 0.25019D+00  0.65237D-40  0.92931D+00  0.67785D+00  0.12056D+01  0.84547D+00  0.70695D-01  0.64379D-02 -0.25308D+01  0.15894D-04  0.00000D+00 -0.62763D-02
 0.25208D+00  0.77891D-40  0.92847D+00  0.67785D+00  0.12055D+01  0.84542D+00  0.71527D-01  0.64617D-02 -0.25308D+01  0.15496D-04  0.00000D+00 -0.61137D-02
 0.25398D+00  0.92579D-40  0.92764D+00  0.67785D+00  0.12054D+01  0.84536D+00  0.72356D-01  0.64844D-02 -0.25308D+01  0.15116D-04  0.00000D+00 -0.59581D-02
 0.25588D+00  0.10952D-39  0.92682D+00  0.67785D+00  0.12053D+01  0.84531D+00  0.73180D-01  0.65061D-02 -0.25309D+01  0.14751D-04  0.00000D+00 -0.58092D-02
 0.25777D+00  0.12894D-39  0.92600D+00  0.67785D+00  0.12051D+01  0.84526D+00  0.73998D-01  0.65267D-02 -0.25309D+01  0.14402D-04  0.00000D+00 -0.56666D-02
 0.25967D+00  0.15104D-39  0.92519D+00  0.67785D+00  0.12050D+01  0.84521D+00  0.74810D-01  0.65464D-02 -0.25309D+01  0.14067D-04  0.00000D+00 -0.55301D-02
 0.26156D+00  0.17602D-39  0.92439D+00  0.67786D+00  0.12049D+01  0.84517D+00  0.75614D-01  0.65652D-02 -0.25309D+01  0.13746D-04  0.00000D+00 -0.53993D-02
 0.26346D+00  0.20405D-39  0.92359D+00  0.67786D+00  0.12048D+01  0.84512D+00  0.76410D-01  0.65831D-02 -0.25309D+01  0.13439D-04  0.00000D+00 -0.52739D-02
 0.26535D+00  0.23526D-39  0.92280D+00  0.67786D+00  0.12047D+01  0.84507D+00  0.77196D-01  0.66002D-02 -0.25309D+01  0.13144D-04  0.00000D+00 -0.51538D-02
 0.26725D+00  0.26975D-39  0.92203D+00  0.67786D+00  0.12046D+01  0.84503D+00  0.77971D-01  0.66165D-02 -0.25309D+01  0.12861D-04  0.00000D+00 -0.50387D-02
 0.26914D+00  0.30757D-39  0.92127D+00  0.67786D+00  0.12045D+01  0.84499D+00  0.78733D-01  0.66320D-02 -0.25309D+01  0.12590D-04  0.00000D+00 -0.49283D-02
 0.27104D+00  0.34869D-39  0.92052D+00  0.67786D+00  0.12044D+01  0.84495D+00  0.79480D-01  0.66468D-02 -0.25309D+01  0.12330D-04  0.00000D+00 -0.48226D-02
 0.27293D+00  0.39303D-39  0.91979D+00  0.67786D+00  0.12043D+01  0.84491D+00  0.80211D-01  0.66609D-02 -0.25309D+01  0.12080D-04  0.00000D+00 -0.47212D-02
 0.27483D+00  0.44043D-39  0.91908D+00  0.67786D+00  0.12042D+01  0.84487D+00  0.80923D-01  0.66743D-02 -0.25309D+01  0.11841D-04  0.00000D+00 -0.46240D-02
 0.27672D+00  0.49066D-39  0.91839D+00  0.67787D+00  0.12041D+01  0.84483D+00  0.81614D-01  0.66870D-02 -0.25309D+01  0.11611D-04  0.00000D+00 -0.45308D-02
 0.27862D+00  0.54341D-39  0.91772D+00  0.67787D+00  0.12040D+01  0.84479D+00  0.82283D-01  0.66991D-02 -0.25309D+01  0.11390D-04  0.00000D+00 -0.44415D-02
 0.28052D+00  0.59830D-39  0.91707D+00  0.67787D+00  0.12040D+01  0.84475D+00  0.82926D-01  0.67107D-02 -0.25309D+01  0.11179D-04  0.00000D+00 -0.43558D-02
 0.28241D+00  0.65489D-39  0.91646D+00  0.67787D+00  0.12039D+01  0.84472D+00  0.83543D-01  0.67217D-02 -0.25309D+01  0.10975D-04  0.00000D+00 -0.42737D-02
 0.28431D+00  0.71268D-39  0.91587D+00  0.67787D+00  0.12038D+01  0.84468D+00  0.84130D-01  0.67321D-02 -0.25309D+01  0.10780D-04  0.00000D+00 -0.41950D-02
 0.28620D+00  0.77112D-39  0.91531D+00  0.67787D+00  0.12037D+01  0.84465D+00  0.84686D-01  0.67420D-02 -0.25309D+01  0.10593D-04  0.00000D+00 -0.41196D-02
 0.28810D+00  0.82964D-39  0.91479D+00  0.67787D+00  0.12036D+01  0.84462D+00  0.85210D-01  0.67514D-02 -0.25309D+01  0.10413D-04  0.00000D+00 -0.40473D-02
 0.28999D+00  0.88765D-39  0.91430D+00  0.67787D+00  0.12036D+01  0.84459D+00  0.85700D-01  0.67603D-02 -0.25309D+01  0.10240D-04  0.00000D+00 -0.39781D-02
 0.29189D+00  0.94457D-39  0.91384D+00  0.67787D+00  0.12035D+01  0.84456D+00  0.86155D-01  0.67687D-02 -0.25309D+01  0.10075D-04  0.00000D+00 -0.39117D-02
 0.29378D+00  0.99986D-39  0.91342D+00  0.67787D+00  0.12034D+01  0.84453D+00  0.86575D-01  0.67768D-02 -0.25309D+01  0.99154D-05  0.00000D+00 -0.38482D-02
 0.29568D+00  0.10530D-38  0.91304D+00  0.67787D+00  0.12034D+01  0.84450D+00  0.86959D-01  0.67844D-02 -0.25309D+01  0.97627D-05  0.00000D+00 -0.37873D-02
 0.29757D+00  0.11035D-38  0.91269D+00  0.67787D+00  0.12033D+01  0.84447D+00  0.87308D-01  0.67915D-02 -0.25309D+01  0.96161D-05  0.00000D+00 -0.37290D-02
 0.29947D+00  0.11511D-38  0.91238D+00  0.67787D+00  0.12032D+01  0.84444D+00  0.87621D-01  0.67983D-02 -0.25309D+01  0.94755D-05  0.00000D+00 -0.36732D-02
 0.30136D+00  0.11953D-38  0.91210D+00  0.67787D+00  0.12032D+01  0.84442D+00  0.87901D-01  0.68048D-02 -0.25309D+01  0.93405D-05  0.00000D+00 -0.36198D-02
 0.30326D+00  0.12360D-38  0.91185D+00  0.67788D+00  0.12031D+01  0.84439D+00  0.88148D-01  0.68108D-02 -0.25309D+01  0.92111D-05  0.00000D+00 -0.35687D-02
 0.30516D+00  0.12730D-38  0.91164D+00  0.67788D+00  0.12031D+01  0.84437D+00  0.88363D-01  0.68166D-02 -0.25309D+01  0.90870D-05  0.00000D+00 -0.35197D-02
 0.30705D+00  0.13064D-38  0.91145D+00  0.67788D+00  0.12030D+01  0.84434D+00  0.88550D-01  0.68220D-02 -0.25309D+01  0.89679D-05  0.00000D+00 -0.34729D-02
 0.30895D+00  0.13360D-38  0.91129D+00  0.67788D+00  0.12030D+01  0.84432D+00  0.88710D-01  0.68271D-02 -0.25309D+01  0.88538D-05  0.00000D+00 -0.34281D-02
 0.31084D+00  0.13620D-38  0.91115D+00  0.67788D+00  0.12029D+01  0.84430D+00  0.88845D-01  0.68319D-02 -0.25309D+01  0.87445D-05  0.00000D+00 -0.33853D-02
 0.31274D+00  0.13847D-38  0.91104D+00  0.67788D+00  0.12029D+01  0.84428D+00  0.88958D-01  0.68364D-02 -0.25309D+01  0.86398D-05  0.00000D+00 -0.33443D-02
 0.31463D+00  0.14041D-38  0.91095D+00  0.67788D+00  0.12028D+01  0.84426D+00  0.89051D-01  0.68406D-02 -0.25309D+01  0.85395D-05  0.00000D+00 -0.33052D-02
 0.31653D+00  0.14206D-38  0.91087D+00  0.67788D+00  0.12028D+01  0.84423D+00  0.89126D-01  0.68446D-02 -0.25309D+01  0.84436D-05  0.00000D+00 -0.32678D-02
 0.31842D+00  0.14344D-38  0.91081D+00  0.67788D+00  0.12027D+01  0.84422D+00  0.89187D-01  0.68483D-02 -0.25309D+01  0.83518D-05  0.00000D+00 -0.32320D-02
 0.32032D+00  0.14458D-38  0.91077D+00  0.67788D+00  0.12027D+01  0.84420D+00  0.89234D-01  0.68518D-02 -0.25309D+01  0.82641D-05  0.00000D+00 -0.31979D-02
 0.32221D+00  0.14551D-38  0.91073D+00  0.67788D+00  0.12026D+01  0.84418D+00  0.89270D-01  0.68550D-02 -0.25309D+01  0.81803D-05  0.00000D+00 -0.31654D-02
 0.32411D+00  0.14626D-38  0.91070D+00  0.67788D+00  0.12026D+01  0.84416D+00  0.89297D-01  0.68581D-02 -0.25309D+01  0.81003D-05  0.00000D+00 -0.31343D-02
 0.32600D+00  0.14685D-38  0.91068D+00  0.67788D+00  0.12026D+01  0.84414D+00  0.89316D-01  0.68609D-02 -0.25309D+01  0.80240D-05  0.00000D+00 -0.31047D-02
 0.32790D+00  0.14732D-38  0.91067D+00  0.67788D+00  0.12025D+01  0.84413D+00  0.89329D-01  0.68635D-02 -0.25309D+01  0.79513D-05  0.00000D+00 -0.30765D-02
 0.32980D+00  0.14768D-38  0.91066D+00  0.67788D+00  0.12025D+01  0.84411D+00  0.89337D-01  0.68660D-02 -0.25309D+01  0.78821D-05  0.00000D+00 -0.30497D-02
 0.33169D+00  0.14796D-38  0.91066D+00  0.67788D+00  0.12025D+01  0.84410D+00  0.89342D-01  0.68682D-02 -0.25309D+01  0.78162D-05  0.00000D+00 -0.30242D-02
 0.33359D+00  0.14816D-38  0.91066D+00  0.67788D+00  0.12024D+01  0.84408D+00  0.89343D-01  0.68703D-02 -0.25309D+01  0.77537D-05  0.00000D+00 -0.30000D-02
 0.33548D+00  0.14831D-38  0.91066D+00  0.67788D+00  0.12024D+01  0.84407D+00  0.89343D-01  0.68722D-02 -0.25309D+01  0.76943D-05  0.00000D+00 -0.29771D-02
 0.33738D+00  0.14842D-38  0.91066D+00  0.67788D+00  0.12024D+01  0.84406D+00  0.89341D-01  0.68740D-02 -0.25309D+01  0.76381D-05  0.00000D+00 -0.29553D-02
 0.33927D+00  0.14850D-38  0.91066D+00  0.67788D+00  0.12024D+01  0.84405D+00  0.89337D-01  0.68756D-02 -0.25309D+01  0.75850D-05  0.00000D+00 -0.29348D-02
 0.34117D+00  0.14855D-38  0.91067D+00  0.67788D+00  0.12023D+01  0.84403D+00  0.89333D-01  0.68771D-02 -0.25309D+01  0.75348D-05  0.00000D+00 -0.29154D-02
 0.34306D+00  0.14858D-38  0.91067D+00  0.67788D+00  0.12023D+01  0.84402D+00  0.89329D-01  0.68784D-02 -0.25309D+01  0.74875D-05  0.00000D+00 -0.28971D-02
 0.34496D+00  0.14860D-38  0.91068D+00  0.67788D+00  0.12023D+01  0.84401D+00  0.89324D-01  0.68796D-02 -0.25309D+01  0.74431D-05  0.00000D+00 -0.28799D-02
 0.34685D+00  0.14861D-38  0.91068D+00  0.67788D+00  0.12023D+01  0.84400D+00  0.89319D-01  0.68807D-02 -0.25309D+01  0.74015D-05  0.00000D+00 -0.28638D-02
 0.34875D+00  0.14862D-38  0.91069D+00  0.67788D+00  0.12022D+01  0.84399D+00  0.89314D-01  0.68817D-02 -0.25309D+01  0.73625D-05  0.00000D+00 -0.28488D-02
 0.35064D+00  0.14862D-38  0.91069D+00  0.67788D+00  0.12022D+01  0.84399D+00  0.89310D-01  0.68826D-02 -0.25309D+01  0.73263D-05  0.00000D+00 -0.28348D-02
 0.35254D+00  0.14862D-38  0.91069D+00  0.67788D+00  0.12022D+01  0.84398D+00  0.89305D-01  0.68834D-02 -0.25309D+01  0.72926D-05  0.00000D+00 -0.28218D-02
 0.35444D+00  0.14862D-38  0.91070D+00  0.67788D+00  0.12022D+01  0.84397D+00  0.89301D-01  0.68841D-02 -0.25309D+01  0.72616D-05  0.00000D+00 -0.28097D-02
 0.35633D+00  0.14861D-38  0.91070D+00  0.67788D+00  0.12022D+01  0.84396D+00  0.89297D-01  0.68847D-02 -0.25309D+01  0.72330D-05  0.00000D+00 -0.27987D-02
 0.35823D+00  0.14861D-38  0.91071D+00  0.67788D+00  0.12022D+01  0.84396D+00  0.89293D-01  0.68852D-02 -0.25309D+01  0.72069D-05  0.00000D+00 -0.27886D-02
 0.36012D+00  0.14860D-38  0.91071D+00  0.67788D+00  0.12021D+01  0.84395D+00  0.89290D-01  0.68856D-02 -0.25309D+01  0.71832D-05  0.00000D+00 -0.27795D-02
 0.36202D+00  0.14860D-38  0.91071D+00  0.67788D+00  0.12021D+01  0.84395D+00  0.89287D-01  0.68860D-02 -0.25309D+01  0.71619D-05  0.00000D+00 -0.27712D-02
 0.36391D+00  0.14859D-38  0.91072D+00  0.67788D+00  0.12021D+01  0.84394D+00  0.89284D-01  0.68863D-02 -0.25309D+01  0.71430D-05  0.00000D+00 -0.27639D-02
 0.36581D+00  0.14859D-38  0.91072D+00  0.67788D+00  0.12021D+01  0.84394D+00  0.89281D-01  0.68866D-02 -0.25309D+01  0.71264D-05  0.00000D+00 -0.27575D-02
 0.36770D+00  0.14859D-38  0.91072D+00  0.67788D+00  0.12021D+01  0.84393D+00  0.89279D-01  0.68868D-02 -0.25309D+01  0.71121D-05  0.00000D+00 -0.27520D-02
 0.36960D+00  0.14858D-38  0.91072D+00  0.67788D+00  0.12021D+01  0.84393D+00  0.89277D-01  0.68870D-02 -0.25309D+01  0.71001D-05  0.00000D+00 -0.27473D-02
 0.37149D+00  0.14858D-38  0.91072D+00  0.67788D+00  0.12021D+01  0.84393D+00  0.89275D-01  0.68871D-02 -0.25309D+01  0.70903D-05  0.00000D+00 -0.27435D-02
 0.37339D+00  0.14858D-38  0.91073D+00  0.67788D+00  0.12021D+01  0.84393D+00  0.89273D-01  0.68872D-02 -0.25309D+01  0.70827D-05  0.00000D+00 -0.27406D-02
 0.37528D+00  0.14857D-38  0.91073D+00  0.67788D+00  0.12021D+01  0.84393D+00  0.89272D-01  0.68872D-02 -0.25309D+01  0.70773D-05  0.00000D+00 -0.27385D-02
 0.37718D+00  0.14857D-38  0.91073D+00  0.67788D+00  0.12021D+01  0.84392D+00  0.89271D-01  0.68872D-02 -0.25309D+01  0.70740D-05  0.00000D+00 -0.27373D-02
 0.37908D+00  0.14857D-38  0.91073D+00  0.67788D+00  0.12021D+01  0.84392D+00  0.89270D-01  0.68873D-02 -0.25309D+01  0.70730D-05  0.00000D+00 -0.27369D-02
