             x            AR           CA           Po           Ca           CO           TE           U            W            OC           OA           Rp
 0.00000D+00  0.60000D+00  0.30000D+00  0.74000D+00  0.49913D+00  0.49913D+00  0.10000D+00  0.10000D+01 -0.26668D+01 -0.44830D+00  0.00000D+00  0.46122D+02
 0.18954D-02  0.72321D+00  0.15626D+00  0.73575D+00  0.53966D+00  0.51743D+00  0.12053D+00  0.91676D+00 -0.26581D+01 -0.39978D+00  0.00000D+00  0.21773D+02
 0.37908D-02  0.79131D+00  0.76808D-01  0.72987D+00  0.57303D+00  0.53233D+00  0.13188D+00  0.80556D+00 -0.26458D+01 -0.36098D+00  0.00000D+00  0.98790D+01
 0.56861D-02  0.82602D+00  0.36313D-01  0.72439D+00  0.60328D+00  0.54576D+00  0.13767D+00  0.70642D+00 -0.26341D+01 -0.32687D+00  0.00000D+00  0.43149D+01
 0.75815D-02  0.84270D+00  0.16851D-01  0.71995D+00  0.63222D+00  0.55860D+00  0.14045D+00  0.62881D+00 -0.26245D+01 -0.29528D+00  0.00000D+00  0.18380D+01
 0.94769D-02  0.85044D+00  0.78255D-02  0.71656D+00  0.66061D+00  0.57123D+00  0.14174D+00  0.57131D+00 -0.26172D+01 -0.26538D+00  0.00000D+00  0.77640D+00
 0.11372D-01  0.85397D+00  0.36990D-02  0.71406D+00  0.68874D+00  0.58379D+00  0.14233D+00  0.52978D+00 -0.26117D+01 -0.23692D+00  0.00000D+00  0.33053D+00
 0.13268D-01  0.85560D+00  0.18047D-02  0.71225D+00  0.71671D+00  0.59632D+00  0.14260D+00  0.50012D+00 -0.26077D+01 -0.20990D+00  0.00000D+00  0.14378D+00
 0.15163D-01  0.85636D+00  0.91880D-03  0.71094D+00  0.74452D+00  0.60883D+00  0.14273D+00  0.47905D+00 -0.26049D+01 -0.18438D+00  0.00000D+00  0.64590D-01
 0.17058D-01  0.85672D+00  0.49203D-03  0.71001D+00  0.77218D+00  0.62133D+00  0.14279D+00  0.46412D+00 -0.26028D+01 -0.16044D+00  0.00000D+00  0.30195D-01
 0.18954D-01  0.85690D+00  0.27868D-03  0.70935D+00  0.79967D+00  0.63380D+00  0.14282D+00  0.45355D+00 -0.26014D+01 -0.13816D+00  0.00000D+00  0.14761D-01
 0.20849D-01  0.85700D+00  0.16750D-03  0.70887D+00  0.82697D+00  0.64625D+00  0.14283D+00  0.44606D+00 -0.26003D+01 -0.11759D+00  0.00000D+00  0.75631D-02
 0.22745D-01  0.85705D+00  0.10698D-03  0.70854D+00  0.85408D+00  0.65865D+00  0.14284D+00  0.44077D+00 -0.25996D+01 -0.98771D-01  0.00000D+00  0.40622D-02
 0.24640D-01  0.85708D+00  0.72599D-04  0.70830D+00  0.88098D+00  0.67102D+00  0.14285D+00  0.43703D+00 -0.25991D+01 -0.81727D-01  0.00000D+00  0.22828D-02
 0.26535D-01  0.85710D+00  0.52262D-04  0.70814D+00  0.90768D+00  0.68334D+00  0.14285D+00  0.43439D+00 -0.25987D+01 -0.66463D-01  0.00000D+00  0.13372D-02
 0.28431D-01  0.85711D+00  0.39795D-04  0.70802D+00  0.93417D+00  0.69562D+00  0.14285D+00  0.43253D+00 -0.25984D+01 -0.52966D-01  0.00000D+00  0.81175D-03
 0.30326D-01  0.85712D+00  0.31925D-04  0.70793D+00  0.96045D+00  0.70785D+00  0.14285D+00  0.43122D+00 -0.25982D+01 -0.41208D-01  0.00000D+00  0.50680D-03
 0.32221D-01  0.85712D+00  0.26853D-04  0.70788D+00  0.98651D+00  0.72004D+00  0.14285D+00  0.43030D+00 -0.25981D+01 -0.31142D-01  0.00000D+00  0.32222D-03
 0.34117D-01  0.85712D+00  0.23547D-04  0.70784D+00  0.10124D+01  0.73218D+00  0.14285D+00  0.42967D+00 -0.25980D+01 -0.22707D-01  0.00000D+00  0.20605D-03
 0.36012D-01  0.85712D+00  0.21394D-04  0.70781D+00  0.10380D+01  0.74427D+00  0.14285D+00  0.42923D+00 -0.25980D+01 -0.15822D-01  0.00000D+00  0.13046D-03
 0.37908D-01  0.94654D-01  0.94012D-04  0.70779D+00  0.10634D+01  0.75632D+00  0.90525D+00  0.42892D+00 -0.25979D+01 -0.10388D-01  0.15262D+00  0.55680D+02
 0.39803D-01  0.74268D-02  0.93995D-04  0.70039D+00  0.10684D+01  0.75842D+00  0.99248D+00  0.31585D+00 -0.25815D+01 -0.95200D-02  0.14944D+00  0.43863D+01
 0.41698D-01  0.43801D-03  0.84848D-04  0.69456D+00  0.10718D+01  0.75975D+00  0.99948D+00  0.23090D+00 -0.25685D+01 -0.89704D-02  0.14735D+00  0.26031D+00
 0.43594D-01  0.19806D-04  0.74015D-04  0.69038D+00  0.10751D+01  0.76104D+00  0.99991D+00  0.17218D+00 -0.25591D+01 -0.84524D-02  0.14531D+00  0.12009D-01
 0.45489D-01  0.70031D-06  0.62564D-04  0.68741D+00  0.10784D+01  0.76235D+00  0.99994D+00  0.13143D+00 -0.25524D+01 -0.79517D-02  0.14329D+00  0.61887D-03
 0.47384D-01  0.19810D-07  0.51196D-04  0.68528D+00  0.10817D+01  0.76366D+00  0.99995D+00  0.10293D+00 -0.25476D+01 -0.74689D-02  0.14128D+00  0.17035D-03
 0.49280D-01  0.45999D-09  0.40592D-04  0.68377D+00  0.10850D+01  0.76497D+00  0.99996D+00  0.82877D-01 -0.25442D+01 -0.70049D-02  0.13928D+00  0.11887D-03
 0.51175D-01  0.90141D-11  0.31292D-04  0.68269D+00  0.10883D+01  0.76628D+00  0.99997D+00  0.68703D-01 -0.25418D+01 -0.65602D-02  0.13730D+00  0.85921D-04
 0.53071D-01  0.15337D-12  0.23588D-04  0.68192D+00  0.10915D+01  0.76759D+00  0.99998D+00  0.58654D-01 -0.25400D+01 -0.61347D-02  0.13534D+00  0.60712D-04
 0.54966D-01  0.23294D-14  0.17521D-04  0.68137D+00  0.10948D+01  0.76890D+00  0.99998D+00  0.51515D-01 -0.25388D+01 -0.57285D-02  0.13340D+00  0.42182D-04
 0.56861D-01  0.32392D-16  0.12934D-04  0.68098D+00  0.10980D+01  0.77020D+00  0.99999D+00  0.46434D-01 -0.25379D+01 -0.53412D-02  0.13148D+00  0.29070D-04
 0.58757D-01  0.42172D-18  0.95750D-05  0.68070D+00  0.11012D+01  0.77150D+00  0.99999D+00  0.42815D-01 -0.25373D+01 -0.49725D-02  0.12959D+00  0.20052D-04
 0.60652D-01  0.52379D-20  0.71724D-05  0.68050D+00  0.11044D+01  0.77279D+00  0.99999D+00  0.40234D-01 -0.25368D+01 -0.46220D-02  0.12772D+00  0.13970D-04
 0.62547D-01  0.63010D-22  0.55208D-05  0.68035D+00  0.11075D+01  0.77408D+00  0.99999D+00  0.38393D-01 -0.25365D+01 -0.42891D-02  0.12588D+00  0.99835D-05
 0.64443D-01  0.74292D-24  0.47357D-05  0.68025D+00  0.11106D+01  0.77537D+00  0.10000D+01  0.37079D-01 -0.25363D+01 -0.39734D-02  0.12406D+00  0.79359D-05
 0.66338D-01  0.86639D-26  0.65191D-05  0.68018D+00  0.11137D+01  0.77665D+00  0.99999D+00  0.36140D-01 -0.25361D+01 -0.36743D-02  0.12226D+00  0.10104D-04
 0.68234D-01  0.10062D-27  0.19262D-04  0.68013D+00  0.11168D+01  0.77793D+00  0.99998D+00  0.35470D-01 -0.25360D+01 -0.33914D-02  0.12049D+00  0.27562D-04
 0.70129D-01  0.11698D-29  0.74408D-04  0.68009D+00  0.11198D+01  0.77920D+00  0.99993D+00  0.34992D-01 -0.25359D+01 -0.31241D-02  0.11874D+00  0.98090D-04
 0.72024D-01  0.13665D-31  0.26948D-03  0.68006D+00  0.11229D+01  0.78046D+00  0.99973D+00  0.34649D-01 -0.25358D+01 -0.28719D-02  0.11701D+00  0.32659D-03
 0.73920D-01  0.16082D-33  0.86320D-03  0.68004D+00  0.11258D+01  0.78172D+00  0.99914D+00  0.34404D-01 -0.25358D+01 -0.26343D-02  0.11531D+00  0.95966D-03
 0.75815D-01  0.19105D-35  0.24553D-02  0.68003D+00  0.11288D+01  0.78298D+00  0.99754D+00  0.34227D-01 -0.25358D+01 -0.24109D-02  0.11363D+00  0.24982D-02
 0.77710D-01  0.22941D-37  0.62779D-02  0.68002D+00  0.11318D+01  0.78423D+00  0.99372D+00  0.34096D-01 -0.25357D+01 -0.22010D-02  0.11197D+00  0.58318D-02
 0.79606D-01  0.27867D-39  0.14593D-01  0.68001D+00  0.11347D+01  0.78547D+00  0.98541D+00  0.33993D-01 -0.25357D+01 -0.20043D-02  0.11034D+00  0.12345D-01
 0.81501D-01  0.34251D-41  0.31107D-01  0.68000D+00  0.11376D+01  0.78671D+00  0.96889D+00  0.33898D-01 -0.25357D+01 -0.18206D-02  0.10873D+00  0.23903D-01
 0.83397D-01  0.42577D-43  0.61176D-01  0.68000D+00  0.11404D+01  0.78793D+00  0.93882D+00  0.33789D-01 -0.25357D+01 -0.16494D-02  0.10715D+00  0.42589D-01
 0.85292D-01  0.53460D-45  0.11137D+00  0.67998D+00  0.11432D+01  0.78915D+00  0.88863D+00  0.33639D-01 -0.25357D+01 -0.14906D-02  0.10560D+00  0.70073D-01
 0.87187D-01  0.67638D-47  0.18786D+00  0.67997D+00  0.11460D+01  0.79034D+00  0.81214D+00  0.33412D-01 -0.25356D+01 -0.13443D-02  0.10409D+00  0.10660D+00
 0.89083D-01  0.85903D-49  0.29345D+00  0.67994D+00  0.11487D+01  0.79151D+00  0.70655D+00  0.33069D-01 -0.25356D+01 -0.12103D-02  0.10262D+00  0.14993D+00
 0.90978D-01  0.10894D-50  0.42408D+00  0.67990D+00  0.11513D+01  0.79265D+00  0.57592D+00  0.32570D-01 -0.25355D+01 -0.10886D-02  0.10121D+00  0.19491D+00
 0.92873D-01  0.13707D-52  0.56722D+00  0.67985D+00  0.11538D+01  0.79374D+00  0.43278D+00  0.31882D-01 -0.25354D+01 -0.97899D-03  0.99856D-01  0.23449D+00
 0.94769D-01  0.16979D-54  0.70458D+00  0.67978D+00  0.11562D+01  0.79478D+00  0.29542D+00  0.30993D-01 -0.25352D+01 -0.88111D-03  0.98574D-01  0.26222D+00
 0.96664D-01  0.20547D-56  0.81900D+00  0.67969D+00  0.11585D+01  0.79577D+00  0.18100D+00  0.29915D-01 -0.25350D+01 -0.79422D-03  0.97365D-01  0.27481D+00
 0.98560D-01  0.24110D-58  0.90119D+00  0.67960D+00  0.11606D+01  0.79670D+00  0.98811D-01  0.28681D-01 -0.25348D+01 -0.71741D-03  0.96231D-01  0.27323D+00
 0.10045D+00  0.27255D-60  0.95195D+00  0.67949D+00  0.11626D+01  0.79757D+00  0.48049D-01  0.27340D-01 -0.25346D+01 -0.64960D-03  0.95171D-01  0.26142D+00
 0.10235D+00  0.29523D-62  0.97886D+00  0.67938D+00  0.11645D+01  0.79839D+00  0.21137D-01  0.25942D-01 -0.25343D+01 -0.58971D-03  0.94180D-01  0.24411D+00
 0.10425D+00  0.30522D-64  0.99110D+00  0.67927D+00  0.11663D+01  0.79916D+00  0.89031D-02  0.24534D-01 -0.25341D+01 -0.53670D-03  0.93253D-01  0.22503D+00
 0.10614D+00  0.30031D-66  0.99584D+00  0.67916D+00  0.11680D+01  0.79989D+00  0.41591D-02  0.23152D-01 -0.25338D+01 -0.48968D-03  0.92385D-01  0.20636D+00
 0.10804D+00  0.00000D+00  0.99737D+00  0.67906D+00  0.11696D+01  0.80057D+00  0.26308D-02  0.21820D-01 -0.25336D+01 -0.44784D-03  0.91571D-01  0.18908D+00
 0.10993D+00  0.00000D+00  0.99772D+00  0.67896D+00  0.11711D+01  0.80121D+00  0.22789D-02  0.20554D-01 -0.25334D+01 -0.41050D-03  0.90806D-01  0.17343D+00
 0.11183D+00  0.00000D+00  0.99770D+00  0.67887D+00  0.11725D+01  0.80181D+00  0.23002D-02  0.19361D-01 -0.25331D+01 -0.37708D-03  0.90086D-01  0.15936D+00
 0.11372D+00  0.00000D+00  0.99757D+00  0.67878D+00  0.11738D+01  0.80238D+00  0.24295D-02  0.18244D-01 -0.25329D+01 -0.34710D-03  0.89407D-01  0.14671D+00
 0.11562D+00  0.57659D-61  0.99741D+00  0.67870D+00  0.11751D+01  0.80292D+00  0.25922D-02  0.17204D-01 -0.25328D+01 -0.32013D-03  0.00000D+00  0.13532D+00
 0.11751D+00  0.29401D-60  0.99723D+00  0.67862D+00  0.11763D+01  0.80343D+00  0.27705D-02  0.16237D-01 -0.25326D+01 -0.29581D-03  0.00000D+00  0.12505D+00
 0.11941D+00  0.96524D-60  0.99704D+00  0.67855D+00  0.11775D+01  0.80392D+00  0.29607D-02  0.15340D-01 -0.25324D+01 -0.27382D-03  0.00000D+00  0.11576D+00
 0.12130D+00  0.27518D-59  0.99684D+00  0.67848D+00  0.11786D+01  0.80438D+00  0.31622D-02  0.14509D-01 -0.25323D+01 -0.25391D-03  0.00000D+00  0.10734D+00
 0.12320D+00  0.74138D-59  0.99662D+00  0.67842D+00  0.11796D+01  0.80482D+00  0.33752D-02  0.13738D-01 -0.25321D+01 -0.23583D-03  0.00000D+00  0.99692D-01
 0.12509D+00  0.19275D-58  0.99640D+00  0.67837D+00  0.11806D+01  0.80523D+00  0.35999D-02  0.13025D-01 -0.25320D+01 -0.21938D-03  0.00000D+00  0.92735D-01
 0.12699D+00  0.48613D-58  0.99616D+00  0.67831D+00  0.11815D+01  0.80563D+00  0.38366D-02  0.12363D-01 -0.25319D+01 -0.20440D-03  0.00000D+00  0.86393D-01
 0.12889D+00  0.11920D-57  0.99591D+00  0.67827D+00  0.11824D+01  0.80601D+00  0.40854D-02  0.11749D-01 -0.25318D+01 -0.19071D-03  0.00000D+00  0.80600D-01
 0.13078D+00  0.28468D-57  0.99565D+00  0.67822D+00  0.11833D+01  0.80637D+00  0.43466D-02  0.11180D-01 -0.25317D+01 -0.17819D-03  0.00000D+00  0.75299D-01
 0.13268D+00  0.66324D-57  0.99538D+00  0.67818D+00  0.11841D+01  0.80672D+00  0.46205D-02  0.10650D-01 -0.25316D+01 -0.16672D-03  0.00000D+00  0.70441D-01
 0.13457D+00  0.15096D-56  0.99509D+00  0.67814D+00  0.11849D+01  0.80705D+00  0.49072D-02  0.10158D-01 -0.25315D+01 -0.15618D-03  0.00000D+00  0.65980D-01
 0.13647D+00  0.33613D-56  0.99479D+00  0.67810D+00  0.11857D+01  0.80736D+00  0.52071D-02  0.96995D-02 -0.25314D+01 -0.14650D-03  0.00000D+00  0.61879D-01
 0.13836D+00  0.73303D-56  0.99448D+00  0.67807D+00  0.11864D+01  0.80767D+00  0.55202D-02  0.92723D-02 -0.25313D+01 -0.13759D-03  0.00000D+00  0.58101D-01
 0.14026D+00  0.15675D-55  0.99415D+00  0.67804D+00  0.11871D+01  0.80796D+00  0.58468D-02  0.88736D-02 -0.25313D+01 -0.12937D-03  0.00000D+00  0.54618D-01
 0.14215D+00  0.32901D-55  0.99381D+00  0.67801D+00  0.11878D+01  0.80823D+00  0.61870D-02  0.85013D-02 -0.25312D+01 -0.12178D-03  0.00000D+00  0.51401D-01
 0.14405D+00  0.67846D-55  0.99346D+00  0.67798D+00  0.11884D+01  0.80850D+00  0.65409D-02  0.81531D-02 -0.25311D+01 -0.11476D-03  0.00000D+00  0.48425D-01
 0.14594D+00  0.13758D-54  0.99309D+00  0.67796D+00  0.11890D+01  0.80876D+00  0.69087D-02  0.78272D-02 -0.25311D+01 -0.10826D-03  0.00000D+00  0.45670D-01
 0.14784D+00  0.27454D-54  0.99271D+00  0.67793D+00  0.11896D+01  0.80900D+00  0.72905D-02  0.75219D-02 -0.25310D+01 -0.10224D-03  0.00000D+00  0.43115D-01
 0.14973D+00  0.53955D-54  0.99231D+00  0.67791D+00  0.11902D+01  0.80924D+00  0.76863D-02  0.72355D-02 -0.25310D+01 -0.96646D-04  0.00000D+00  0.40743D-01
 0.15163D+00  0.10450D-53  0.99190D+00  0.67789D+00  0.11908D+01  0.80947D+00  0.80962D-02  0.69667D-02 -0.25309D+01 -0.91449D-04  0.00000D+00  0.38539D-01
 0.15353D+00  0.19959D-53  0.99148D+00  0.67787D+00  0.11913D+01  0.80969D+00  0.85202D-02  0.67141D-02 -0.25309D+01 -0.86613D-04  0.00000D+00  0.36488D-01
 0.15542D+00  0.37615D-53  0.99104D+00  0.67785D+00  0.11918D+01  0.80990D+00  0.89583D-02  0.64765D-02 -0.25308D+01 -0.82109D-04  0.00000D+00  0.34577D-01
 0.15732D+00  0.69985D-53  0.99059D+00  0.67783D+00  0.11923D+01  0.81011D+00  0.94106D-02  0.62529D-02 -0.25308D+01 -0.77909D-04  0.00000D+00  0.32795D-01
 0.15921D+00  0.12862D-52  0.99012D+00  0.67781D+00  0.11928D+01  0.81030D+00  0.98769D-02  0.60423D-02 -0.25308D+01 -0.73989D-04  0.00000D+00  0.31132D-01
 0.16111D+00  0.23359D-52  0.98964D+00  0.67780D+00  0.11933D+01  0.81049D+00  0.10357D-01  0.58437D-02 -0.25307D+01 -0.70325D-04  0.00000D+00  0.29578D-01
 0.16300D+00  0.41943D-52  0.98915D+00  0.67778D+00  0.11937D+01  0.81068D+00  0.10851D-01  0.56563D-02 -0.25307D+01 -0.66899D-04  0.00000D+00  0.28124D-01
 0.16490D+00  0.74489D-52  0.98864D+00  0.67777D+00  0.11941D+01  0.81085D+00  0.11359D-01  0.54794D-02 -0.25307D+01 -0.63691D-04  0.00000D+00  0.26763D-01
 0.16679D+00  0.13090D-51  0.98812D+00  0.67776D+00  0.11946D+01  0.81103D+00  0.11881D-01  0.53122D-02 -0.25306D+01 -0.60686D-04  0.00000D+00  0.25487D-01
 0.16869D+00  0.22769D-51  0.98758D+00  0.67774D+00  0.11950D+01  0.81119D+00  0.12417D-01  0.51541D-02 -0.25306D+01 -0.57867D-04  0.00000D+00  0.24291D-01
 0.17058D+00  0.39217D-51  0.98703D+00  0.67773D+00  0.11953D+01  0.81135D+00  0.12965D-01  0.50046D-02 -0.25306D+01 -0.55220D-04  0.00000D+00  0.23168D-01
 0.17248D+00  0.66905D-51  0.98647D+00  0.67772D+00  0.11957D+01  0.81151D+00  0.13527D-01  0.48630D-02 -0.25306D+01 -0.52734D-04  0.00000D+00  0.22113D-01
 0.17437D+00  0.11309D-50  0.98590D+00  0.67771D+00  0.11961D+01  0.81166D+00  0.14102D-01  0.47288D-02 -0.25305D+01 -0.50396D-04  0.00000D+00  0.21121D-01
 0.17627D+00  0.18947D-50  0.98531D+00  0.67770D+00  0.11964D+01  0.81180D+00  0.14690D-01  0.46017D-02 -0.25305D+01 -0.48196D-04  0.00000D+00  0.20188D-01
 0.17817D+00  0.31470D-50  0.98471D+00  0.67769D+00  0.11968D+01  0.81194D+00  0.15291D-01  0.44811D-02 -0.25305D+01 -0.46124D-04  0.00000D+00  0.19309D-01
 0.18006D+00  0.51835D-50  0.98410D+00  0.67768D+00  0.11971D+01  0.81208D+00  0.15904D-01  0.43667D-02 -0.25305D+01 -0.44171D-04  0.00000D+00  0.18480D-01
 0.18196D+00  0.84686D-50  0.98347D+00  0.67767D+00  0.11974D+01  0.81221D+00  0.16529D-01  0.42580D-02 -0.25304D+01 -0.42329D-04  0.00000D+00  0.17699D-01
 0.18385D+00  0.13727D-49  0.98283D+00  0.67766D+00  0.11978D+01  0.81234D+00  0.17166D-01  0.41549D-02 -0.25304D+01 -0.40591D-04  0.00000D+00  0.16961D-01
 0.18575D+00  0.22082D-49  0.98219D+00  0.67766D+00  0.11981D+01  0.81246D+00  0.17815D-01  0.40568D-02 -0.25304D+01 -0.38949D-04  0.00000D+00  0.16265D-01
 0.18764D+00  0.35258D-49  0.98153D+00  0.67765D+00  0.11984D+01  0.81259D+00  0.18475D-01  0.39636D-02 -0.25304D+01 -0.37397D-04  0.00000D+00  0.15607D-01
 0.18954D+00  0.55891D-49  0.98085D+00  0.67764D+00  0.11986D+01  0.81270D+00  0.19146D-01  0.38749D-02 -0.25304D+01 -0.35930D-04  0.00000D+00  0.14985D-01
 0.19143D+00  0.87981D-49  0.98017D+00  0.67764D+00  0.11989D+01  0.81282D+00  0.19828D-01  0.37905D-02 -0.25304D+01 -0.34541D-04  0.00000D+00  0.14396D-01
 0.19333D+00  0.13755D-48  0.97948D+00  0.67763D+00  0.11992D+01  0.81293D+00  0.20521D-01  0.37102D-02 -0.25303D+01 -0.33226D-04  0.00000D+00  0.13838D-01
 0.19522D+00  0.21363D-48  0.97878D+00  0.67762D+00  0.11994D+01  0.81303D+00  0.21224D-01  0.36337D-02 -0.25303D+01 -0.31980D-04  0.00000D+00  0.13310D-01
 0.19712D+00  0.32966D-48  0.97806D+00  0.67762D+00  0.11997D+01  0.81314D+00  0.21936D-01  0.35609D-02 -0.25303D+01 -0.30798D-04  0.00000D+00  0.12809D-01
 0.19901D+00  0.50551D-48  0.97734D+00  0.67761D+00  0.11999D+01  0.81324D+00  0.22659D-01  0.34914D-02 -0.25303D+01 -0.29677D-04  0.00000D+00  0.12334D-01
 0.20091D+00  0.77044D-48  0.97661D+00  0.67761D+00  0.12002D+01  0.81334D+00  0.23391D-01  0.34253D-02 -0.25303D+01 -0.28614D-04  0.00000D+00  0.11883D-01
 0.20281D+00  0.11672D-47  0.97587D+00  0.67760D+00  0.12004D+01  0.81343D+00  0.24131D-01  0.33621D-02 -0.25303D+01 -0.27603D-04  0.00000D+00  0.11455D-01
 0.20470D+00  0.17581D-47  0.97512D+00  0.67760D+00  0.12006D+01  0.81353D+00  0.24881D-01  0.33019D-02 -0.25303D+01 -0.26643D-04  0.00000D+00  0.11048D-01
 0.20660D+00  0.26331D-47  0.97436D+00  0.67759D+00  0.12009D+01  0.81362D+00  0.25639D-01  0.32445D-02 -0.25303D+01 -0.25731D-04  0.00000D+00  0.10662D-01
 0.20849D+00  0.39218D-47  0.97359D+00  0.67759D+00  0.12011D+01  0.81371D+00  0.26405D-01  0.31897D-02 -0.25303D+01 -0.24863D-04  0.00000D+00  0.10294D-01
 0.21039D+00  0.58100D-47  0.97282D+00  0.67758D+00  0.12013D+01  0.81379D+00  0.27179D-01  0.31374D-02 -0.25302D+01 -0.24037D-04  0.00000D+00  0.99443D-02
 0.21228D+00  0.85619D-47  0.97204D+00  0.67758D+00  0.12015D+01  0.81388D+00  0.27960D-01  0.30874D-02 -0.25302D+01 -0.23251D-04  0.00000D+00  0.96114D-02
 0.21418D+00  0.12553D-46  0.97125D+00  0.67758D+00  0.12017D+01  0.81396D+00  0.28749D-01  0.30397D-02 -0.25302D+01 -0.22502D-04  0.00000D+00  0.92943D-02
 0.21607D+00  0.18312D-46  0.97046D+00  0.67757D+00  0.12019D+01  0.81404D+00  0.29544D-01  0.29941D-02 -0.25302D+01 -0.21788D-04  0.00000D+00  0.89922D-02
 0.21797D+00  0.26582D-46  0.96965D+00  0.67757D+00  0.12021D+01  0.81411D+00  0.30346D-01  0.29506D-02 -0.25302D+01 -0.21107D-04  0.00000D+00  0.87043D-02
 0.21986D+00  0.38404D-46  0.96885D+00  0.67757D+00  0.12022D+01  0.81419D+00  0.31154D-01  0.29090D-02 -0.25302D+01 -0.20458D-04  0.00000D+00  0.84297D-02
 0.22176D+00  0.55224D-46  0.96803D+00  0.67756D+00  0.12024D+01  0.81426D+00  0.31968D-01  0.28692D-02 -0.25302D+01 -0.19839D-04  0.00000D+00  0.81678D-02
 0.22365D+00  0.79049D-46  0.96721D+00  0.67756D+00  0.12026D+01  0.81433D+00  0.32788D-01  0.28312D-02 -0.25302D+01 -0.19248D-04  0.00000D+00  0.79178D-02
 0.22555D+00  0.11265D-45  0.96639D+00  0.67756D+00  0.12028D+01  0.81440D+00  0.33613D-01  0.27948D-02 -0.25302D+01 -0.18684D-04  0.00000D+00  0.76791D-02
 0.22745D+00  0.15983D-45  0.96556D+00  0.67755D+00  0.12029D+01  0.81447D+00  0.34443D-01  0.27601D-02 -0.25302D+01 -0.18144D-04  0.00000D+00  0.74511D-02
 0.22934D+00  0.22581D-45  0.96472D+00  0.67755D+00  0.12031D+01  0.81454D+00  0.35278D-01  0.27269D-02 -0.25302D+01 -0.17629D-04  0.00000D+00  0.72333D-02
 0.23124D+00  0.31769D-45  0.96388D+00  0.67755D+00  0.12032D+01  0.81460D+00  0.36118D-01  0.26951D-02 -0.25302D+01 -0.17136D-04  0.00000D+00  0.70251D-02
 0.23313D+00  0.44513D-45  0.96304D+00  0.67755D+00  0.12034D+01  0.81466D+00  0.36962D-01  0.26647D-02 -0.25302D+01 -0.16665D-04  0.00000D+00  0.68261D-02
 0.23503D+00  0.62121D-45  0.96219D+00  0.67754D+00  0.12035D+01  0.81472D+00  0.37809D-01  0.26356D-02 -0.25302D+01 -0.16215D-04  0.00000D+00  0.66357D-02
 0.23692D+00  0.86355D-45  0.96134D+00  0.67754D+00  0.12037D+01  0.81478D+00  0.38661D-01  0.26078D-02 -0.25302D+01 -0.15783D-04  0.00000D+00  0.64535D-02
 0.23882D+00  0.11958D-44  0.96048D+00  0.67754D+00  0.12038D+01  0.81484D+00  0.39516D-01  0.25812D-02 -0.25301D+01 -0.15371D-04  0.00000D+00  0.62792D-02
 0.24071D+00  0.16498D-44  0.95963D+00  0.67754D+00  0.12039D+01  0.81490D+00  0.40374D-01  0.25558D-02 -0.25301D+01 -0.14975D-04  0.00000D+00  0.61123D-02
 0.24261D+00  0.22677D-44  0.95877D+00  0.67754D+00  0.12041D+01  0.81495D+00  0.41235D-01  0.25315D-02 -0.25301D+01 -0.14597D-04  0.00000D+00  0.59524D-02
 0.24450D+00  0.31058D-44  0.95790D+00  0.67753D+00  0.12042D+01  0.81501D+00  0.42099D-01  0.25082D-02 -0.25301D+01 -0.14234D-04  0.00000D+00  0.57993D-02
 0.24640D+00  0.42388D-44  0.95704D+00  0.67753D+00  0.12043D+01  0.81506D+00  0.42965D-01  0.24859D-02 -0.25301D+01 -0.13886D-04  0.00000D+00  0.56526D-02
 0.24829D+00  0.57650D-44  0.95617D+00  0.67753D+00  0.12044D+01  0.81511D+00  0.43833D-01  0.24646D-02 -0.25301D+01 -0.13553D-04  0.00000D+00  0.55119D-02
 0.25019D+00  0.78143D-44  0.95530D+00  0.67753D+00  0.12045D+01  0.81516D+00  0.44704D-01  0.24443D-02 -0.25301D+01 -0.13233D-04  0.00000D+00  0.53771D-02
 0.25208D+00  0.10557D-43  0.95442D+00  0.67753D+00  0.12047D+01  0.81521D+00  0.45576D-01  0.24248D-02 -0.25301D+01 -0.12927D-04  0.00000D+00  0.52478D-02
 0.25398D+00  0.14215D-43  0.95355D+00  0.67753D+00  0.12048D+01  0.81525D+00  0.46450D-01  0.24062D-02 -0.25301D+01 -0.12633D-04  0.00000D+00  0.51238D-02
 0.25588D+00  0.19081D-43  0.95267D+00  0.67752D+00  0.12049D+01  0.81530D+00  0.47325D-01  0.23883D-02 -0.25301D+01 -0.12351D-04  0.00000D+00  0.50048D-02
 0.25777D+00  0.25532D-43  0.95180D+00  0.67752D+00  0.12050D+01  0.81534D+00  0.48202D-01  0.23713D-02 -0.25301D+01 -0.12080D-04  0.00000D+00  0.48906D-02
 0.25967D+00  0.34059D-43  0.95092D+00  0.67752D+00  0.12051D+01  0.81539D+00  0.49079D-01  0.23550D-02 -0.25301D+01 -0.11820D-04  0.00000D+00  0.47810D-02
 0.26156D+00  0.45296D-43  0.95004D+00  0.67752D+00  0.12052D+01  0.81543D+00  0.49957D-01  0.23395D-02 -0.25301D+01 -0.11571D-04  0.00000D+00  0.46758D-02
 0.26346D+00  0.60064D-43  0.94916D+00  0.67752D+00  0.12053D+01  0.81547D+00  0.50836D-01  0.23246D-02 -0.25301D+01 -0.11331D-04  0.00000D+00  0.45748D-02
 0.26535D+00  0.79415D-43  0.94828D+00  0.67752D+00  0.12054D+01  0.81551D+00  0.51715D-01  0.23104D-02 -0.25301D+01 -0.11101D-04  0.00000D+00  0.44778D-02
 0.26725D+00  0.10470D-42  0.94741D+00  0.67752D+00  0.12055D+01  0.81555D+00  0.52595D-01  0.22968D-02 -0.25301D+01 -0.10880D-04  0.00000D+00  0.43846D-02
 0.26914D+00  0.13765D-42  0.94653D+00  0.67752D+00  0.12056D+01  0.81559D+00  0.53474D-01  0.22839D-02 -0.25301D+01 -0.10668D-04  0.00000D+00  0.42951D-02
 0.27104D+00  0.18048D-42  0.94565D+00  0.67752D+00  0.12056D+01  0.81563D+00  0.54353D-01  0.22715D-02 -0.25301D+01 -0.10464D-04  0.00000D+00  0.42091D-02
 0.27293D+00  0.23599D-42  0.94477D+00  0.67751D+00  0.12057D+01  0.81566D+00  0.55233D-01  0.22597D-02 -0.25301D+01 -0.10268D-04  0.00000D+00  0.41264D-02
 0.27483D+00  0.30776D-42  0.94389D+00  0.67751D+00  0.12058D+01  0.81570D+00  0.56111D-01  0.22484D-02 -0.25301D+01 -0.10080D-04  0.00000D+00  0.40470D-02
 0.27672D+00  0.40031D-42  0.94301D+00  0.67751D+00  0.12059D+01  0.81573D+00  0.56989D-01  0.22377D-02 -0.25301D+01 -0.98989D-05  0.00000D+00  0.39706D-02
 0.27862D+00  0.51936D-42  0.94213D+00  0.67751D+00  0.12060D+01  0.81577D+00  0.57867D-01  0.22274D-02 -0.25301D+01 -0.97250D-05  0.00000D+00  0.38973D-02
 0.28052D+00  0.67213D-42  0.94126D+00  0.67751D+00  0.12060D+01  0.81580D+00  0.58743D-01  0.22176D-02 -0.25301D+01 -0.95579D-05  0.00000D+00  0.38267D-02
 0.28241D+00  0.86769D-42  0.94038D+00  0.67751D+00  0.12061D+01  0.81583D+00  0.59619D-01  0.22083D-02 -0.25301D+01 -0.93972D-05  0.00000D+00  0.37589D-02
 0.28431D+00  0.11174D-41  0.93951D+00  0.67751D+00  0.12062D+01  0.81586D+00  0.60493D-01  0.21995D-02 -0.25301D+01 -0.92428D-05  0.00000D+00  0.36937D-02
 0.28620D+00  0.14356D-41  0.93863D+00  0.67751D+00  0.12062D+01  0.81589D+00  0.61366D-01  0.21910D-02 -0.25301D+01 -0.90944D-05  0.00000D+00  0.36311D-02
 0.28810D+00  0.18401D-41  0.93776D+00  0.67751D+00  0.12063D+01  0.81592D+00  0.62238D-01  0.21830D-02 -0.25301D+01 -0.89518D-05  0.00000D+00  0.35708D-02
 0.28999D+00  0.23531D-41  0.93689D+00  0.67751D+00  0.12064D+01  0.81595D+00  0.63108D-01  0.21753D-02 -0.25301D+01 -0.88148D-05  0.00000D+00  0.35129D-02
 0.29189D+00  0.30023D-41  0.93602D+00  0.67751D+00  0.12064D+01  0.81598D+00  0.63977D-01  0.21681D-02 -0.25301D+01 -0.86831D-05  0.00000D+00  0.34572D-02
 0.29378D+00  0.38220D-41  0.93516D+00  0.67751D+00  0.12065D+01  0.81600D+00  0.64844D-01  0.21612D-02 -0.25301D+01 -0.85565D-05  0.00000D+00  0.34037D-02
 0.29568D+00  0.48549D-41  0.93429D+00  0.67751D+00  0.12066D+01  0.81603D+00  0.65709D-01  0.21546D-02 -0.25301D+01 -0.84349D-05  0.00000D+00  0.33522D-02
 0.29757D+00  0.61536D-41  0.93343D+00  0.67751D+00  0.12066D+01  0.81605D+00  0.66572D-01  0.21484D-02 -0.25301D+01 -0.83181D-05  0.00000D+00  0.33027D-02
 0.29947D+00  0.77833D-41  0.93257D+00  0.67750D+00  0.12067D+01  0.81608D+00  0.67433D-01  0.21425D-02 -0.25301D+01 -0.82059D-05  0.00000D+00  0.32552D-02
 0.30136D+00  0.98239D-41  0.93171D+00  0.67750D+00  0.12067D+01  0.81610D+00  0.68292D-01  0.21369D-02 -0.25301D+01 -0.80982D-05  0.00000D+00  0.32095D-02
 0.30326D+00  0.12374D-40  0.93085D+00  0.67750D+00  0.12068D+01  0.81613D+00  0.69149D-01  0.21316D-02 -0.25301D+01 -0.79947D-05  0.00000D+00  0.31656D-02
 0.30516D+00  0.15555D-40  0.93000D+00  0.67750D+00  0.12068D+01  0.81615D+00  0.70003D-01  0.21266D-02 -0.25301D+01 -0.78955D-05  0.00000D+00  0.31234D-02
 0.30705D+00  0.19514D-40  0.92914D+00  0.67750D+00  0.12069D+01  0.81617D+00  0.70855D-01  0.21219D-02 -0.25301D+01 -0.78002D-05  0.00000D+00  0.30829D-02
 0.30895D+00  0.24432D-40  0.92829D+00  0.67750D+00  0.12069D+01  0.81619D+00  0.71705D-01  0.21175D-02 -0.25301D+01 -0.77088D-05  0.00000D+00  0.30440D-02
 0.31084D+00  0.30532D-40  0.92745D+00  0.67750D+00  0.12070D+01  0.81621D+00  0.72552D-01  0.21133D-02 -0.25301D+01 -0.76212D-05  0.00000D+00  0.30067D-02
 0.31274D+00  0.38080D-40  0.92660D+00  0.67750D+00  0.12070D+01  0.81623D+00  0.73397D-01  0.21093D-02 -0.25301D+01 -0.75372D-05  0.00000D+00  0.29708D-02
 0.31463D+00  0.47404D-40  0.92576D+00  0.67750D+00  0.12070D+01  0.81625D+00  0.74238D-01  0.21056D-02 -0.25301D+01 -0.74568D-05  0.00000D+00  0.29364D-02
 0.31653D+00  0.58898D-40  0.92492D+00  0.67750D+00  0.12071D+01  0.81627D+00  0.75077D-01  0.21021D-02 -0.25301D+01 -0.73797D-05  0.00000D+00  0.29035D-02
 0.31842D+00  0.73038D-40  0.92409D+00  0.67750D+00  0.12071D+01  0.81628D+00  0.75913D-01  0.20988D-02 -0.25301D+01 -0.73060D-05  0.00000D+00  0.28719D-02
 0.32032D+00  0.90389D-40  0.92325D+00  0.67750D+00  0.12072D+01  0.81630D+00  0.76746D-01  0.20957D-02 -0.25301D+01 -0.72354D-05  0.00000D+00  0.28416D-02
 0.32221D+00  0.11163D-39  0.92242D+00  0.67750D+00  0.12072D+01  0.81632D+00  0.77576D-01  0.20928D-02 -0.25301D+01 -0.71680D-05  0.00000D+00  0.28126D-02
 0.32411D+00  0.13753D-39  0.92160D+00  0.67750D+00  0.12072D+01  0.81633D+00  0.78403D-01  0.20902D-02 -0.25301D+01 -0.71036D-05  0.00000D+00  0.27848D-02
 0.32600D+00  0.16900D-39  0.92077D+00  0.67750D+00  0.12073D+01  0.81635D+00  0.79226D-01  0.20877D-02 -0.25301D+01 -0.70422D-05  0.00000D+00  0.27582D-02
 0.32790D+00  0.20703D-39  0.91995D+00  0.67750D+00  0.12073D+01  0.81636D+00  0.80045D-01  0.20853D-02 -0.25301D+01 -0.69836D-05  0.00000D+00  0.27329D-02
 0.32980D+00  0.25267D-39  0.91914D+00  0.67750D+00  0.12073D+01  0.81638D+00  0.80860D-01  0.20832D-02 -0.25301D+01 -0.69278D-05  0.00000D+00  0.27086D-02
 0.33169D+00  0.30695D-39  0.91833D+00  0.67750D+00  0.12074D+01  0.81639D+00  0.81667D-01  0.20812D-02 -0.25301D+01 -0.68747D-05  0.00000D+00  0.26855D-02
 0.33359D+00  0.37079D-39  0.91753D+00  0.67750D+00  0.12074D+01  0.81640D+00  0.82466D-01  0.20793D-02 -0.25301D+01 -0.68242D-05  0.00000D+00  0.26635D-02
 0.33548D+00  0.44480D-39  0.91675D+00  0.67750D+00  0.12074D+01  0.81641D+00  0.83254D-01  0.20776D-02 -0.25301D+01 -0.67763D-05  0.00000D+00  0.26425D-02
 0.33738D+00  0.52908D-39  0.91598D+00  0.67750D+00  0.12074D+01  0.81643D+00  0.84024D-01  0.20761D-02 -0.25301D+01 -0.67309D-05  0.00000D+00  0.26226D-02
 0.33927D+00  0.62303D-39  0.91523D+00  0.67750D+00  0.12075D+01  0.81644D+00  0.84770D-01  0.20746D-02 -0.25301D+01 -0.66879D-05  0.00000D+00  0.26037D-02
 0.34117D+00  0.72509D-39  0.91451D+00  0.67750D+00  0.12075D+01  0.81645D+00  0.85485D-01  0.20733D-02 -0.25301D+01 -0.66474D-05  0.00000D+00  0.25859D-02
 0.34306D+00  0.83269D-39  0.91384D+00  0.67750D+00  0.12075D+01  0.81646D+00  0.86157D-01  0.20722D-02 -0.25301D+01 -0.66092D-05  0.00000D+00  0.25692D-02
 0.34496D+00  0.94226D-39  0.91322D+00  0.67750D+00  0.12075D+01  0.81647D+00  0.86776D-01  0.20711D-02 -0.25301D+01 -0.65732D-05  0.00000D+00  0.25535D-02
 0.34685D+00  0.10495D-38  0.91267D+00  0.67750D+00  0.12075D+01  0.81648D+00  0.87329D-01  0.20701D-02 -0.25301D+01 -0.65395D-05  0.00000D+00  0.25388D-02
 0.34875D+00  0.11499D-38  0.91219D+00  0.67750D+00  0.12076D+01  0.81648D+00  0.87808D-01  0.20693D-02 -0.25301D+01 -0.65080D-05  0.00000D+00  0.25253D-02
 0.35064D+00  0.12392D-38  0.91179D+00  0.67750D+00  0.12076D+01  0.81649D+00  0.88206D-01  0.20685D-02 -0.25301D+01 -0.64786D-05  0.00000D+00  0.25128D-02
 0.35254D+00  0.13144D-38  0.91148D+00  0.67750D+00  0.12076D+01  0.81650D+00  0.88521D-01  0.20679D-02 -0.25301D+01 -0.64514D-05  0.00000D+00  0.25013D-02
 0.35444D+00  0.13740D-38  0.91124D+00  0.67750D+00  0.12076D+01  0.81651D+00  0.88758D-01  0.20673D-02 -0.25301D+01 -0.64262D-05  0.00000D+00  0.24909D-02
 0.35633D+00  0.14179D-38  0.91108D+00  0.67750D+00  0.12076D+01  0.81651D+00  0.88924D-01  0.20668D-02 -0.25301D+01 -0.64030D-05  0.00000D+00  0.24815D-02
 0.35823D+00  0.14479D-38  0.91097D+00  0.67750D+00  0.12076D+01  0.81652D+00  0.89034D-01  0.20663D-02 -0.25301D+01 -0.63818D-05  0.00000D+00  0.24730D-02
 0.36012D+00  0.14668D-38  0.91090D+00  0.67750D+00  0.12076D+01  0.81652D+00  0.89100D-01  0.20660D-02 -0.25301D+01 -0.63626D-05  0.00000D+00  0.24654D-02
 0.36202D+00  0.14775D-38  0.91086D+00  0.67750D+00  0.12076D+01  0.81653D+00  0.89136D-01  0.20656D-02 -0.25301D+01 -0.63454D-05  0.00000D+00  0.24586D-02
 0.36391D+00  0.14830D-38  0.91085D+00  0.67750D+00  0.12077D+01  0.81653D+00  0.89153D-01  0.20654D-02 -0.25301D+01 -0.63300D-05  0.00000D+00  0.24526D-02
 0.36581D+00  0.14855D-38  0.91084D+00  0.67750D+00  0.12077D+01  0.81654D+00  0.89160D-01  0.20652D-02 -0.25301D+01 -0.63165D-05  0.00000D+00  0.24473D-02
 0.36770D+00  0.14864D-38  0.91084D+00  0.67750D+00  0.12077D+01  0.81654D+00  0.89163D-01  0.20650D-02 -0.25301D+01 -0.63049D-05  0.00000D+00  0.24428D-02
 0.36960D+00  0.14867D-38  0.91084D+00  0.67750D+00  0.12077D+01  0.81654D+00  0.89163D-01  0.20649D-02 -0.25301D+01 -0.62951D-05  0.00000D+00  0.24390D-02
 0.37149D+00  0.14868D-38  0.91084D+00  0.67750D+00  0.12077D+01  0.81654D+00  0.89163D-01  0.20648D-02 -0.25301D+01 -0.62871D-05  0.00000D+00  0.24360D-02
 0.37339D+00  0.14868D-38  0.91084D+00  0.67750D+00  0.12077D+01  0.81654D+00  0.89163D-01  0.20647D-02 -0.25301D+01 -0.62810D-05  0.00000D+00  0.24336D-02
 0.37528D+00  0.14868D-38  0.91084D+00  0.67750D+00  0.12077D+01  0.81655D+00  0.89162D-01  0.20647D-02 -0.25301D+01 -0.62766D-05  0.00000D+00  0.24319D-02
 0.37718D+00  0.14868D-38  0.91084D+00  0.67750D+00  0.12077D+01  0.81655D+00  0.89162D-01  0.20646D-02 -0.25301D+01 -0.62740D-05  0.00000D+00  0.24309D-02
 0.37908D+00  0.14868D-38  0.91084D+00  0.67750D+00  0.12077D+01  0.81655D+00  0.89162D-01  0.20646D-02 -0.25301D+01 -0.62731D-05  0.00000D+00  0.24305D-02
