             x            AR           CA           Po           Ca           CO           TE           U            W            OC           OA           Rp
 0.00000D+00  0.60000D+00  0.30000D+00  0.74000D+00  0.49913D+00  0.49913D+00  0.10000D+00  0.10000D+01 -0.26668D+01 -0.44830D+00  0.00000D+00  0.46122D+02
 0.18954D-02  0.69927D+00  0.18418D+00  0.75023D+00  0.56141D+00  0.52808D+00  0.11655D+00  0.12117D+01 -0.26873D+01 -0.37358D+00  0.00000D+00  0.22668D+02
 0.37908D-02  0.75377D+00  0.12061D+00  0.75449D+00  0.61455D+00  0.55275D+00  0.12563D+00  0.13045D+01 -0.26955D+01 -0.31281D+00  0.00000D+00  0.12217D+02
 0.56861D-02  0.78571D+00  0.83340D-01  0.75589D+00  0.66292D+00  0.57523D+00  0.13095D+00  0.13357D+01 -0.26982D+01 -0.26067D+00  0.00000D+00  0.69947D+01
 0.75815D-02  0.80527D+00  0.60514D-01  0.75596D+00  0.70858D+00  0.59648D+00  0.13421D+00  0.13373D+01 -0.26983D+01 -0.21479D+00  0.00000D+00  0.41840D+01
 0.94769D-02  0.81764D+00  0.46086D-01  0.75545D+00  0.75257D+00  0.61703D+00  0.13627D+00  0.13259D+01 -0.26973D+01 -0.17412D+00  0.00000D+00  0.25884D+01
 0.11372D-01  0.82564D+00  0.36756D-01  0.75475D+00  0.79547D+00  0.63713D+00  0.13761D+00  0.13102D+01 -0.26960D+01 -0.13818D+00  0.00000D+00  0.16429D+01
 0.13268D-01  0.83088D+00  0.30637D-01  0.75403D+00  0.83760D+00  0.65694D+00  0.13848D+00  0.12943D+01 -0.26946D+01 -0.10674D+00  0.00000D+00  0.10610D+01
 0.15163D-01  0.83434D+00  0.26608D-01  0.75338D+00  0.87914D+00  0.67655D+00  0.13906D+00  0.12800D+01 -0.26934D+01 -0.79715D-01  0.00000D+00  0.68997D+00
 0.17058D-01  0.83659D+00  0.23980D-01  0.75282D+00  0.92020D+00  0.69601D+00  0.13943D+00  0.12678D+01 -0.26923D+01 -0.57024D-01  0.00000D+00  0.44582D+00
 0.18954D-01  0.83802D+00  0.22312D-01  0.75237D+00  0.96086D+00  0.71536D+00  0.13967D+00  0.12579D+01 -0.26914D+01 -0.38559D-01  0.00000D+00  0.28101D+00
 0.20849D-01  0.83888D+00  0.21308D-01  0.75201D+00  0.10012D+01  0.73461D+00  0.13981D+00  0.12500D+01 -0.26907D+01 -0.24153D-01  0.00000D+00  0.16835D+00
 0.22745D-01  0.83935D+00  0.20758D-01  0.75173D+00  0.10411D+01  0.75379D+00  0.13989D+00  0.12440D+01 -0.26902D+01 -0.13556D-01  0.00000D+00  0.92146D-01
 0.24640D-01  0.83957D+00  0.20502D-01  0.75152D+00  0.10807D+01  0.77288D+00  0.13993D+00  0.12394D+01 -0.26898D+01 -0.64095D-02  0.00000D+00  0.43068D-01
 0.26535D-01  0.83964D+00  0.20415D-01  0.75136D+00  0.11201D+01  0.79191D+00  0.13994D+00  0.12361D+01 -0.26895D+01 -0.22318D-02  0.00000D+00  0.14942D-01
 0.28431D-01  0.83965D+00  0.20404D-01  0.75125D+00  0.11591D+01  0.81087D+00  0.13994D+00  0.12336D+01 -0.26893D+01 -0.38132D-03  0.00000D+00  0.25527D-02
 0.30326D-01  0.83965D+00  0.20407D-01  0.75117D+00  0.11978D+01  0.82976D+00  0.13994D+00  0.12319D+01 -0.26891D+01 -0.62740D-06  0.00000D+00  0.42022D-05
 0.32221D-01  0.83964D+00  0.20420D-01  0.75111D+00  0.12362D+01  0.84858D+00  0.13994D+00  0.12306D+01 -0.26890D+01  0.21577D-03  0.00000D+00 -0.14464D-02
 0.34117D-01  0.83957D+00  0.20498D-01  0.75107D+00  0.12744D+01  0.86733D+00  0.13993D+00  0.12298D+01 -0.26889D+01  0.18317D-02  0.00000D+00 -0.12328D-01
 0.36012D-01  0.83935D+00  0.20758D-01  0.75104D+00  0.13122D+01  0.88602D+00  0.13989D+00  0.12291D+01 -0.26889D+01  0.61854D-02  0.00000D+00 -0.42161D-01
 0.37908D-01  0.77928D+00  0.29571D-01  0.75103D+00  0.13497D+01  0.90463D+00  0.19115D+00  0.12288D+01 -0.26888D+01  0.14602D-01  0.16972D-01  0.43291D+02
 0.39803D-01  0.72344D+00  0.39224D-01  0.74528D+00  0.13734D+01  0.91655D+00  0.23734D+00  0.11073D+01 -0.26775D+01  0.22721D-01  0.12042D-01  0.28969D+02
 0.41698D-01  0.66535D+00  0.51511D-01  0.73737D+00  0.13880D+01  0.92403D+00  0.28314D+00  0.94816D+00 -0.26614D+01  0.29037D-01  0.94522D-02  0.21267D+02
 0.43594D-01  0.59865D+00  0.68931D-01  0.72895D+00  0.13956D+01  0.92817D+00  0.33242D+00  0.78875D+00 -0.26438D+01  0.32890D-01  0.82009D-02  0.16741D+02
 0.45489D-01  0.51608D+00  0.95380D-01  0.72078D+00  0.13977D+01  0.92958D+00  0.38854D+00  0.64314D+00 -0.26263D+01  0.34111D-01  0.78449D-02  0.13712D+02
 0.47384D-01  0.41104D+00  0.13648D+00  0.71318D+00  0.13949D+01  0.92866D+00  0.45248D+00  0.51534D+00 -0.26098D+01  0.32899D-01  0.81984D-02  0.11050D+02
 0.49280D-01  0.28559D+00  0.19737D+00  0.70633D+00  0.13882D+01  0.92577D+00  0.51704D+00  0.40614D+00 -0.25947D+01  0.29790D-01  0.91910D-02  0.78900D+01
 0.51175D-01  0.16167D+00  0.27558D+00  0.70043D+00  0.13784D+01  0.92142D+00  0.56274D+00  0.31632D+00 -0.25816D+01  0.25604D-01  0.10762D-01  0.40873D+01
 0.53071D-01  0.71098D-01  0.35776D+00  0.69569D+00  0.13671D+01  0.91627D+00  0.57114D+00  0.24704D+00 -0.25710D+01  0.21227D-01  0.12784D-01  0.59999D+00
 0.54966D-01  0.24176D-01  0.43101D+00  0.69225D+00  0.13555D+01  0.91096D+00  0.54481D+00  0.19811D+00 -0.25633D+01  0.17291D-01  0.15062D-01 -0.15471D+01
 0.56861D-01  0.65622D-02  0.49194D+00  0.69000D+00  0.13444D+01  0.90591D+00  0.50150D+00  0.16685D+00 -0.25582D+01  0.14040D-01  0.17419D-01 -0.23567D+01
 0.58757D-01  0.14946D-02  0.54214D+00  0.68871D+00  0.13343D+01  0.90130D+00  0.45637D+00  0.14917D+00 -0.25553D+01  0.11452D-01  0.19740D-01 -0.24280D+01
 0.60652D-01  0.30080D-03  0.58320D+00  0.68811D+00  0.13252D+01  0.89716D+00  0.41650D+00  0.14105D+00 -0.25540D+01  0.94133D-02  0.21968D-01 -0.22312D+01
 0.62547D-01  0.55886D-04  0.61626D+00  0.68799D+00  0.13171D+01  0.89344D+00  0.38368D+00  0.13931D+00 -0.25537D+01  0.78051D-02  0.24078D-01 -0.19740D+01
 0.64443D-01  0.98968D-05  0.64252D+00  0.68816D+00  0.13097D+01  0.89012D+00  0.35747D+00  0.14163D+00 -0.25541D+01  0.65285D-02  0.26061D-01 -0.17243D+01
 0.66338D-01  0.17063D-05  0.66328D+00  0.68851D+00  0.13031D+01  0.88713D+00  0.33672D+00  0.14640D+00 -0.25549D+01  0.55068D-02  0.27916D-01 -0.15005D+01
 0.68234D-01  0.29015D-06  0.67974D+00  0.68896D+00  0.12971D+01  0.88445D+00  0.32026D+00  0.15253D+00 -0.25559D+01  0.46820D-02  0.29648D-01 -0.13057D+01
 0.70129D-01  0.49023D-07  0.69289D+00  0.68945D+00  0.12917D+01  0.88202D+00  0.30711D+00  0.15928D+00 -0.25570D+01  0.40104D-02  0.31263D-01 -0.11382D+01
 0.72024D-01  0.82619D-08  0.70351D+00  0.68995D+00  0.12868D+01  0.87982D+00  0.29649D+00  0.16619D+00 -0.25581D+01  0.34588D-02  0.32770D-01 -0.99510D+00
 0.73920D-01  0.13914D-08  0.71217D+00  0.69044D+00  0.12823D+01  0.87782D+00  0.28783D+00  0.17294D+00 -0.25592D+01  0.30021D-02  0.34176D-01 -0.87298D+00
 0.75815D-01  0.23431D-09  0.71932D+00  0.69090D+00  0.12782D+01  0.87600D+00  0.28068D+00  0.17937D+00 -0.25603D+01  0.26211D-02  0.35489D-01 -0.76869D+00
 0.77710D-01  0.39450D-10  0.72529D+00  0.69133D+00  0.12744D+01  0.87433D+00  0.27471D+00  0.18538D+00 -0.25612D+01  0.23009D-02  0.36718D-01 -0.67944D+00
 0.79606D-01  0.66388D-11  0.73031D+00  0.69173D+00  0.12709D+01  0.87280D+00  0.26969D+00  0.19092D+00 -0.25621D+01  0.20301D-02  0.37868D-01 -0.60283D+00
 0.81501D-01  0.11161D-11  0.73458D+00  0.69209D+00  0.12677D+01  0.87138D+00  0.26542D+00  0.19599D+00 -0.25629D+01  0.17995D-02  0.38946D-01 -0.53684D+00
 0.83397D-01  0.18734D-12  0.73824D+00  0.69242D+00  0.12647D+01  0.87007D+00  0.26176D+00  0.20060D+00 -0.25637D+01  0.16020D-02  0.39959D-01 -0.47979D+00
 0.85292D-01  0.31382D-13  0.74139D+00  0.69272D+00  0.12619D+01  0.86886D+00  0.25861D+00  0.20478D+00 -0.25643D+01  0.14319D-02  0.40912D-01 -0.43027D+00
 0.87187D-01  0.52440D-14  0.74413D+00  0.69299D+00  0.12593D+01  0.86774D+00  0.25587D+00  0.20856D+00 -0.25649D+01  0.12847D-02  0.41809D-01 -0.38713D+00
 0.89083D-01  0.87381D-15  0.74652D+00  0.69323D+00  0.12569D+01  0.86669D+00  0.25348D+00  0.21198D+00 -0.25655D+01  0.11567D-02  0.42655D-01 -0.34940D+00
 0.90978D-01  0.14515D-15  0.74862D+00  0.69345D+00  0.12547D+01  0.86571D+00  0.25138D+00  0.21506D+00 -0.25660D+01  0.10449D-02  0.43454D-01 -0.31629D+00
 0.92873D-01  0.24029D-16  0.75048D+00  0.69365D+00  0.12525D+01  0.86480D+00  0.24952D+00  0.21785D+00 -0.25664D+01  0.94679D-03  0.44210D-01 -0.28712D+00
 0.94769D-01  0.39639D-17  0.75212D+00  0.69382D+00  0.12505D+01  0.86394D+00  0.24788D+00  0.22037D+00 -0.25668D+01  0.86039D-03  0.44926D-01 -0.26134D+00
 0.96664D-01  0.65150D-18  0.75357D+00  0.69398D+00  0.12487D+01  0.86314D+00  0.24643D+00  0.22265D+00 -0.25672D+01  0.78401D-03  0.45604D-01 -0.23847D+00
 0.98560D-01  0.10668D-18  0.75487D+00  0.69413D+00  0.12469D+01  0.86238D+00  0.24513D+00  0.22472D+00 -0.25675D+01  0.71626D-03  0.46248D-01 -0.21813D+00
 0.10045D+00  0.17401D-19  0.75603D+00  0.69426D+00  0.12452D+01  0.86167D+00  0.24397D+00  0.22660D+00 -0.25678D+01  0.65595D-03  0.46860D-01 -0.19999D+00
 0.10235D+00  0.28275D-20  0.75708D+00  0.69438D+00  0.12436D+01  0.86100D+00  0.24292D+00  0.22831D+00 -0.25681D+01  0.60210D-03  0.47442D-01 -0.18375D+00
 0.10425D+00  0.45768D-21  0.75801D+00  0.69449D+00  0.12421D+01  0.86036D+00  0.24199D+00  0.22987D+00 -0.25683D+01  0.55389D-03  0.47996D-01 -0.16919D+00
 0.10614D+00  0.73802D-22  0.75885D+00  0.69459D+00  0.12407D+01  0.85976D+00  0.24115D+00  0.23130D+00 -0.25685D+01  0.51059D-03  0.48524D-01 -0.15608D+00
 0.10804D+00  0.11856D-22  0.75961D+00  0.69468D+00  0.12394D+01  0.85919D+00  0.24039D+00  0.23260D+00 -0.25687D+01  0.47161D-03  0.49028D-01 -0.14427D+00
 0.10993D+00  0.18975D-23  0.76030D+00  0.69477D+00  0.12381D+01  0.85865D+00  0.23970D+00  0.23380D+00 -0.25689D+01  0.43642D-03  0.49510D-01 -0.13359D+00
 0.11183D+00  0.30257D-24  0.76092D+00  0.69484D+00  0.12369D+01  0.85814D+00  0.23908D+00  0.23490D+00 -0.25691D+01  0.40458D-03  0.49970D-01 -0.12391D+00
 0.11372D+00  0.48074D-25  0.76148D+00  0.69492D+00  0.12357D+01  0.85765D+00  0.23852D+00  0.23591D+00 -0.25693D+01  0.37570D-03  0.50411D-01 -0.11513D+00
 0.11562D+00  0.50506D-25  0.76199D+00  0.69498D+00  0.12346D+01  0.85719D+00  0.23801D+00  0.23685D+00 -0.25694D+01  0.34946D-03  0.00000D+00 -0.10713D+00
 0.11751D+00  0.53053D-25  0.76245D+00  0.69504D+00  0.12335D+01  0.85674D+00  0.23755D+00  0.23771D+00 -0.25695D+01  0.32556D-03  0.00000D+00 -0.99846D-01
 0.11941D+00  0.55722D-25  0.76287D+00  0.69510D+00  0.12325D+01  0.85632D+00  0.23713D+00  0.23851D+00 -0.25697D+01  0.30375D-03  0.00000D+00 -0.93192D-01
 0.12130D+00  0.58518D-25  0.76325D+00  0.69515D+00  0.12315D+01  0.85592D+00  0.23675D+00  0.23925D+00 -0.25698D+01  0.28381D-03  0.00000D+00 -0.87103D-01
 0.12320D+00  0.61445D-25  0.76359D+00  0.69520D+00  0.12306D+01  0.85553D+00  0.23641D+00  0.23993D+00 -0.25699D+01  0.26555D-03  0.00000D+00 -0.81521D-01
 0.12509D+00  0.64512D-25  0.76390D+00  0.69524D+00  0.12297D+01  0.85516D+00  0.23610D+00  0.24057D+00 -0.25700D+01  0.24879D-03  0.00000D+00 -0.76396D-01
 0.12699D+00  0.67722D-25  0.76418D+00  0.69528D+00  0.12289D+01  0.85481D+00  0.23582D+00  0.24117D+00 -0.25701D+01  0.23339D-03  0.00000D+00 -0.71684D-01
 0.12889D+00  0.71083D-25  0.76444D+00  0.69532D+00  0.12281D+01  0.85447D+00  0.23556D+00  0.24172D+00 -0.25702D+01  0.21921D-03  0.00000D+00 -0.67343D-01
 0.13078D+00  0.74600D-25  0.76467D+00  0.69536D+00  0.12273D+01  0.85414D+00  0.23533D+00  0.24224D+00 -0.25702D+01  0.20614D-03  0.00000D+00 -0.63338D-01
 0.13268D+00  0.78282D-25  0.76488D+00  0.69539D+00  0.12265D+01  0.85383D+00  0.23512D+00  0.24272D+00 -0.25703D+01  0.19407D-03  0.00000D+00 -0.59639D-01
 0.13457D+00  0.82135D-25  0.76506D+00  0.69542D+00  0.12258D+01  0.85353D+00  0.23494D+00  0.24317D+00 -0.25704D+01  0.18291D-03  0.00000D+00 -0.56218D-01
 0.13647D+00  0.86167D-25  0.76523D+00  0.69545D+00  0.12251D+01  0.85324D+00  0.23477D+00  0.24359D+00 -0.25705D+01  0.17257D-03  0.00000D+00 -0.53048D-01
 0.13836D+00  0.90384D-25  0.76538D+00  0.69548D+00  0.12244D+01  0.85297D+00  0.23462D+00  0.24399D+00 -0.25705D+01  0.16299D-03  0.00000D+00 -0.50108D-01
 0.14026D+00  0.94796D-25  0.76552D+00  0.69550D+00  0.12238D+01  0.85270D+00  0.23448D+00  0.24436D+00 -0.25706D+01  0.15410D-03  0.00000D+00 -0.47378D-01
 0.14215D+00  0.99411D-25  0.76564D+00  0.69553D+00  0.12231D+01  0.85244D+00  0.23436D+00  0.24471D+00 -0.25706D+01  0.14583D-03  0.00000D+00 -0.44840D-01
 0.14405D+00  0.10424D-24  0.76574D+00  0.69555D+00  0.12225D+01  0.85220D+00  0.23426D+00  0.24504D+00 -0.25707D+01  0.13814D-03  0.00000D+00 -0.42477D-01
 0.14594D+00  0.10928D-24  0.76584D+00  0.69557D+00  0.12219D+01  0.85196D+00  0.23416D+00  0.24535D+00 -0.25707D+01  0.13097D-03  0.00000D+00 -0.40276D-01
 0.14784D+00  0.11456D-24  0.76592D+00  0.69559D+00  0.12214D+01  0.85173D+00  0.23408D+00  0.24564D+00 -0.25708D+01  0.12429D-03  0.00000D+00 -0.38222D-01
 0.14973D+00  0.12008D-24  0.76599D+00  0.69561D+00  0.12208D+01  0.85150D+00  0.23401D+00  0.24592D+00 -0.25708D+01  0.11805D-03  0.00000D+00 -0.36304D-01
 0.15163D+00  0.12584D-24  0.76605D+00  0.69563D+00  0.12203D+01  0.85129D+00  0.23395D+00  0.24618D+00 -0.25709D+01  0.11222D-03  0.00000D+00 -0.34511D-01
 0.15353D+00  0.13187D-24  0.76610D+00  0.69565D+00  0.12198D+01  0.85108D+00  0.23390D+00  0.24642D+00 -0.25709D+01  0.10676D-03  0.00000D+00 -0.32833D-01
 0.15542D+00  0.13817D-24  0.76614D+00  0.69566D+00  0.12193D+01  0.85088D+00  0.23386D+00  0.24665D+00 -0.25709D+01  0.10165D-03  0.00000D+00 -0.31261D-01
 0.15732D+00  0.14475D-24  0.76618D+00  0.69568D+00  0.12188D+01  0.85069D+00  0.23382D+00  0.24687D+00 -0.25710D+01  0.96858D-04  0.00000D+00 -0.29788D-01
 0.15921D+00  0.15163D-24  0.76620D+00  0.69569D+00  0.12184D+01  0.85050D+00  0.23380D+00  0.24708D+00 -0.25710D+01  0.92364D-04  0.00000D+00 -0.28406D-01
 0.16111D+00  0.15881D-24  0.76622D+00  0.69571D+00  0.12179D+01  0.85032D+00  0.23378D+00  0.24728D+00 -0.25710D+01  0.88144D-04  0.00000D+00 -0.27107D-01
 0.16300D+00  0.16632D-24  0.76624D+00  0.69572D+00  0.12175D+01  0.85014D+00  0.23376D+00  0.24746D+00 -0.25711D+01  0.84179D-04  0.00000D+00 -0.25887D-01
 0.16490D+00  0.17416D-24  0.76624D+00  0.69573D+00  0.12171D+01  0.84997D+00  0.23376D+00  0.24764D+00 -0.25711D+01  0.80448D-04  0.00000D+00 -0.24739D-01
 0.16679D+00  0.18235D-24  0.76624D+00  0.69574D+00  0.12167D+01  0.84981D+00  0.23376D+00  0.24781D+00 -0.25711D+01  0.76937D-04  0.00000D+00 -0.23658D-01
 0.16869D+00  0.19090D-24  0.76624D+00  0.69576D+00  0.12163D+01  0.84965D+00  0.23376D+00  0.24797D+00 -0.25711D+01  0.73628D-04  0.00000D+00 -0.22640D-01
 0.17058D+00  0.19983D-24  0.76623D+00  0.69577D+00  0.12159D+01  0.84949D+00  0.23377D+00  0.24812D+00 -0.25712D+01  0.70509D-04  0.00000D+00 -0.21680D-01
 0.17248D+00  0.20915D-24  0.76621D+00  0.69578D+00  0.12155D+01  0.84934D+00  0.23379D+00  0.24826D+00 -0.25712D+01  0.67566D-04  0.00000D+00 -0.20774D-01
 0.17437D+00  0.21888D-24  0.76619D+00  0.69579D+00  0.12152D+01  0.84920D+00  0.23381D+00  0.24840D+00 -0.25712D+01  0.64788D-04  0.00000D+00 -0.19918D-01
 0.17627D+00  0.22904D-24  0.76617D+00  0.69579D+00  0.12148D+01  0.84905D+00  0.23383D+00  0.24853D+00 -0.25712D+01  0.62162D-04  0.00000D+00 -0.19110D-01
 0.17817D+00  0.23964D-24  0.76614D+00  0.69580D+00  0.12145D+01  0.84892D+00  0.23386D+00  0.24865D+00 -0.25712D+01  0.59680D-04  0.00000D+00 -0.18346D-01
 0.18006D+00  0.25070D-24  0.76611D+00  0.69581D+00  0.12142D+01  0.84878D+00  0.23389D+00  0.24877D+00 -0.25713D+01  0.57332D-04  0.00000D+00 -0.17623D-01
 0.18196D+00  0.26225D-24  0.76608D+00  0.69582D+00  0.12138D+01  0.84865D+00  0.23392D+00  0.24888D+00 -0.25713D+01  0.55108D-04  0.00000D+00 -0.16938D-01
 0.18385D+00  0.27429D-24  0.76604D+00  0.69583D+00  0.12135D+01  0.84853D+00  0.23396D+00  0.24898D+00 -0.25713D+01  0.53002D-04  0.00000D+00 -0.16290D-01
 0.18575D+00  0.28686D-24  0.76600D+00  0.69583D+00  0.12132D+01  0.84840D+00  0.23400D+00  0.24909D+00 -0.25713D+01  0.51006D-04  0.00000D+00 -0.15675D-01
 0.18764D+00  0.29997D-24  0.76595D+00  0.69584D+00  0.12129D+01  0.84828D+00  0.23405D+00  0.24918D+00 -0.25713D+01  0.49113D-04  0.00000D+00 -0.15092D-01
 0.18954D+00  0.31365D-24  0.76591D+00  0.69585D+00  0.12127D+01  0.84817D+00  0.23409D+00  0.24928D+00 -0.25713D+01  0.47316D-04  0.00000D+00 -0.14538D-01
 0.19143D+00  0.32791D-24  0.76586D+00  0.69585D+00  0.12124D+01  0.84806D+00  0.23414D+00  0.24936D+00 -0.25714D+01  0.45610D-04  0.00000D+00 -0.14013D-01
 0.19333D+00  0.34279D-24  0.76581D+00  0.69586D+00  0.12121D+01  0.84795D+00  0.23419D+00  0.24945D+00 -0.25714D+01  0.43989D-04  0.00000D+00 -0.13514D-01
 0.19522D+00  0.35830D-24  0.76575D+00  0.69586D+00  0.12118D+01  0.84784D+00  0.23425D+00  0.24953D+00 -0.25714D+01  0.42448D-04  0.00000D+00 -0.13039D-01
 0.19712D+00  0.37448D-24  0.76570D+00  0.69587D+00  0.12116D+01  0.84773D+00  0.23430D+00  0.24960D+00 -0.25714D+01  0.40983D-04  0.00000D+00 -0.12588D-01
 0.19901D+00  0.39134D-24  0.76564D+00  0.69587D+00  0.12113D+01  0.84763D+00  0.23436D+00  0.24968D+00 -0.25714D+01  0.39589D-04  0.00000D+00 -0.12159D-01
 0.20091D+00  0.40892D-24  0.76558D+00  0.69588D+00  0.12111D+01  0.84753D+00  0.23442D+00  0.24975D+00 -0.25714D+01  0.38261D-04  0.00000D+00 -0.11750D-01
 0.20281D+00  0.42724D-24  0.76552D+00  0.69588D+00  0.12109D+01  0.84744D+00  0.23448D+00  0.24982D+00 -0.25714D+01  0.36997D-04  0.00000D+00 -0.11361D-01
 0.20470D+00  0.44634D-24  0.76546D+00  0.69589D+00  0.12106D+01  0.84734D+00  0.23454D+00  0.24988D+00 -0.25714D+01  0.35793D-04  0.00000D+00 -0.10990D-01
 0.20660D+00  0.46624D-24  0.76539D+00  0.69589D+00  0.12104D+01  0.84725D+00  0.23461D+00  0.24994D+00 -0.25714D+01  0.34644D-04  0.00000D+00 -0.10636D-01
 0.20849D+00  0.48698D-24  0.76533D+00  0.69590D+00  0.12102D+01  0.84716D+00  0.23467D+00  0.25000D+00 -0.25715D+01  0.33549D-04  0.00000D+00 -0.10299D-01
 0.21039D+00  0.50859D-24  0.76526D+00  0.69590D+00  0.12100D+01  0.84708D+00  0.23474D+00  0.25005D+00 -0.25715D+01  0.32504D-04  0.00000D+00 -0.99772D-02
 0.21228D+00  0.53111D-24  0.76519D+00  0.69590D+00  0.12098D+01  0.84699D+00  0.23481D+00  0.25011D+00 -0.25715D+01  0.31507D-04  0.00000D+00 -0.96701D-02
 0.21418D+00  0.55457D-24  0.76512D+00  0.69591D+00  0.12096D+01  0.84691D+00  0.23488D+00  0.25016D+00 -0.25715D+01  0.30554D-04  0.00000D+00 -0.93768D-02
 0.21607D+00  0.57900D-24  0.76505D+00  0.69591D+00  0.12094D+01  0.84683D+00  0.23495D+00  0.25021D+00 -0.25715D+01  0.29645D-04  0.00000D+00 -0.90966D-02
 0.21797D+00  0.60445D-24  0.76498D+00  0.69591D+00  0.12092D+01  0.84675D+00  0.23502D+00  0.25026D+00 -0.25715D+01  0.28775D-04  0.00000D+00 -0.88288D-02
 0.21986D+00  0.63095D-24  0.76490D+00  0.69592D+00  0.12090D+01  0.84667D+00  0.23510D+00  0.25030D+00 -0.25715D+01  0.27944D-04  0.00000D+00 -0.85728D-02
 0.22176D+00  0.65856D-24  0.76483D+00  0.69592D+00  0.12088D+01  0.84660D+00  0.23517D+00  0.25034D+00 -0.25715D+01  0.27149D-04  0.00000D+00 -0.83280D-02
 0.22365D+00  0.68730D-24  0.76475D+00  0.69592D+00  0.12087D+01  0.84653D+00  0.23525D+00  0.25038D+00 -0.25715D+01  0.26388D-04  0.00000D+00 -0.80938D-02
 0.22555D+00  0.71722D-24  0.76468D+00  0.69593D+00  0.12085D+01  0.84646D+00  0.23532D+00  0.25042D+00 -0.25715D+01  0.25660D-04  0.00000D+00 -0.78697D-02
 0.22745D+00  0.74838D-24  0.76460D+00  0.69593D+00  0.12083D+01  0.84639D+00  0.23540D+00  0.25046D+00 -0.25715D+01  0.24963D-04  0.00000D+00 -0.76551D-02
 0.22934D+00  0.78081D-24  0.76452D+00  0.69593D+00  0.12082D+01  0.84632D+00  0.23548D+00  0.25050D+00 -0.25715D+01  0.24295D-04  0.00000D+00 -0.74496D-02
 0.23124D+00  0.81457D-24  0.76445D+00  0.69593D+00  0.12080D+01  0.84625D+00  0.23555D+00  0.25053D+00 -0.25715D+01  0.23656D-04  0.00000D+00 -0.72527D-02
 0.23313D+00  0.84971D-24  0.76437D+00  0.69594D+00  0.12078D+01  0.84619D+00  0.23563D+00  0.25057D+00 -0.25715D+01  0.23043D-04  0.00000D+00 -0.70641D-02
 0.23503D+00  0.88627D-24  0.76429D+00  0.69594D+00  0.12077D+01  0.84613D+00  0.23571D+00  0.25060D+00 -0.25715D+01  0.22456D-04  0.00000D+00 -0.68832D-02
 0.23692D+00  0.92433D-24  0.76421D+00  0.69594D+00  0.12076D+01  0.84607D+00  0.23579D+00  0.25063D+00 -0.25716D+01  0.21893D-04  0.00000D+00 -0.67099D-02
 0.23882D+00  0.96392D-24  0.76413D+00  0.69594D+00  0.12074D+01  0.84601D+00  0.23587D+00  0.25066D+00 -0.25716D+01  0.21353D-04  0.00000D+00 -0.65436D-02
 0.24071D+00  0.10051D-23  0.76405D+00  0.69594D+00  0.12073D+01  0.84595D+00  0.23595D+00  0.25069D+00 -0.25716D+01  0.20834D-04  0.00000D+00 -0.63841D-02
 0.24261D+00  0.10480D-23  0.76397D+00  0.69595D+00  0.12071D+01  0.84589D+00  0.23603D+00  0.25071D+00 -0.25716D+01  0.20337D-04  0.00000D+00 -0.62310D-02
 0.24450D+00  0.10926D-23  0.76388D+00  0.69595D+00  0.12070D+01  0.84584D+00  0.23612D+00  0.25074D+00 -0.25716D+01  0.19860D-04  0.00000D+00 -0.60841D-02
 0.24640D+00  0.11389D-23  0.76380D+00  0.69595D+00  0.12069D+01  0.84578D+00  0.23620D+00  0.25076D+00 -0.25716D+01  0.19402D-04  0.00000D+00 -0.59431D-02
 0.24829D+00  0.11872D-23  0.76372D+00  0.69595D+00  0.12068D+01  0.84573D+00  0.23628D+00  0.25079D+00 -0.25716D+01  0.18962D-04  0.00000D+00 -0.58077D-02
 0.25019D+00  0.12373D-23  0.76364D+00  0.69595D+00  0.12066D+01  0.84568D+00  0.23636D+00  0.25081D+00 -0.25716D+01  0.18539D-04  0.00000D+00 -0.56776D-02
 0.25208D+00  0.12895D-23  0.76355D+00  0.69595D+00  0.12065D+01  0.84563D+00  0.23645D+00  0.25083D+00 -0.25716D+01  0.18133D-04  0.00000D+00 -0.55526D-02
 0.25398D+00  0.13437D-23  0.76347D+00  0.69596D+00  0.12064D+01  0.84558D+00  0.23653D+00  0.25085D+00 -0.25716D+01  0.17743D-04  0.00000D+00 -0.54326D-02
 0.25588D+00  0.14001D-23  0.76339D+00  0.69596D+00  0.12063D+01  0.84553D+00  0.23661D+00  0.25087D+00 -0.25716D+01  0.17368D-04  0.00000D+00 -0.53172D-02
 0.25777D+00  0.14588D-23  0.76330D+00  0.69596D+00  0.12062D+01  0.84548D+00  0.23670D+00  0.25089D+00 -0.25716D+01  0.17008D-04  0.00000D+00 -0.52063D-02
 0.25967D+00  0.15197D-23  0.76322D+00  0.69596D+00  0.12061D+01  0.84544D+00  0.23678D+00  0.25091D+00 -0.25716D+01  0.16662D-04  0.00000D+00 -0.50997D-02
 0.26156D+00  0.15831D-23  0.76314D+00  0.69596D+00  0.12060D+01  0.84539D+00  0.23686D+00  0.25092D+00 -0.25716D+01  0.16329D-04  0.00000D+00 -0.49972D-02
 0.26346D+00  0.16489D-23  0.76305D+00  0.69596D+00  0.12059D+01  0.84535D+00  0.23695D+00  0.25094D+00 -0.25716D+01  0.16008D-04  0.00000D+00 -0.48986D-02
 0.26535D+00  0.17174D-23  0.76297D+00  0.69596D+00  0.12058D+01  0.84531D+00  0.23703D+00  0.25096D+00 -0.25716D+01  0.15700D-04  0.00000D+00 -0.48038D-02
 0.26725D+00  0.17885D-23  0.76288D+00  0.69596D+00  0.12057D+01  0.84527D+00  0.23712D+00  0.25097D+00 -0.25716D+01  0.15404D-04  0.00000D+00 -0.47127D-02
 0.26914D+00  0.18624D-23  0.76280D+00  0.69597D+00  0.12056D+01  0.84523D+00  0.23720D+00  0.25099D+00 -0.25716D+01  0.15119D-04  0.00000D+00 -0.46250D-02
 0.27104D+00  0.19392D-23  0.76271D+00  0.69597D+00  0.12055D+01  0.84519D+00  0.23729D+00  0.25100D+00 -0.25716D+01  0.14845D-04  0.00000D+00 -0.45406D-02
 0.27293D+00  0.20189D-23  0.76263D+00  0.69597D+00  0.12054D+01  0.84515D+00  0.23737D+00  0.25101D+00 -0.25716D+01  0.14581D-04  0.00000D+00 -0.44594D-02
 0.27483D+00  0.21018D-23  0.76255D+00  0.69597D+00  0.12053D+01  0.84511D+00  0.23745D+00  0.25103D+00 -0.25716D+01  0.14328D-04  0.00000D+00 -0.43813D-02
 0.27672D+00  0.21879D-23  0.76246D+00  0.69597D+00  0.12052D+01  0.84508D+00  0.23754D+00  0.25104D+00 -0.25716D+01  0.14083D-04  0.00000D+00 -0.43061D-02
 0.27862D+00  0.22773D-23  0.76238D+00  0.69597D+00  0.12051D+01  0.84504D+00  0.23762D+00  0.25105D+00 -0.25716D+01  0.13848D-04  0.00000D+00 -0.42338D-02
 0.28052D+00  0.23702D-23  0.76229D+00  0.69597D+00  0.12051D+01  0.84501D+00  0.23771D+00  0.25106D+00 -0.25716D+01  0.13622D-04  0.00000D+00 -0.41642D-02
 0.28241D+00  0.24666D-23  0.76221D+00  0.69597D+00  0.12050D+01  0.84497D+00  0.23779D+00  0.25107D+00 -0.25716D+01  0.13405D-04  0.00000D+00 -0.40973D-02
 0.28431D+00  0.25667D-23  0.76212D+00  0.69597D+00  0.12049D+01  0.84494D+00  0.23788D+00  0.25108D+00 -0.25716D+01  0.13196D-04  0.00000D+00 -0.40328D-02
 0.28620D+00  0.26707D-23  0.76204D+00  0.69597D+00  0.12048D+01  0.84491D+00  0.23796D+00  0.25109D+00 -0.25716D+01  0.12994D-04  0.00000D+00 -0.39708D-02
 0.28810D+00  0.27787D-23  0.76195D+00  0.69597D+00  0.12048D+01  0.84488D+00  0.23805D+00  0.25110D+00 -0.25716D+01  0.12800D-04  0.00000D+00 -0.39112D-02
 0.28999D+00  0.28908D-23  0.76187D+00  0.69597D+00  0.12047D+01  0.84485D+00  0.23813D+00  0.25111D+00 -0.25716D+01  0.12614D-04  0.00000D+00 -0.38538D-02
 0.29189D+00  0.30072D-23  0.76178D+00  0.69597D+00  0.12046D+01  0.84482D+00  0.23822D+00  0.25112D+00 -0.25716D+01  0.12435D-04  0.00000D+00 -0.37986D-02
 0.29378D+00  0.31279D-23  0.76170D+00  0.69597D+00  0.12046D+01  0.84479D+00  0.23830D+00  0.25112D+00 -0.25716D+01  0.12262D-04  0.00000D+00 -0.37454D-02
 0.29568D+00  0.32533D-23  0.76162D+00  0.69598D+00  0.12045D+01  0.84477D+00  0.23838D+00  0.25113D+00 -0.25716D+01  0.12096D-04  0.00000D+00 -0.36944D-02
 0.29757D+00  0.33834D-23  0.76153D+00  0.69598D+00  0.12045D+01  0.84474D+00  0.23847D+00  0.25114D+00 -0.25716D+01  0.11937D-04  0.00000D+00 -0.36452D-02
 0.29947D+00  0.35185D-23  0.76145D+00  0.69598D+00  0.12044D+01  0.84471D+00  0.23855D+00  0.25114D+00 -0.25716D+01  0.11783D-04  0.00000D+00 -0.35980D-02
 0.30136D+00  0.36586D-23  0.76136D+00  0.69598D+00  0.12043D+01  0.84469D+00  0.23864D+00  0.25115D+00 -0.25716D+01  0.11636D-04  0.00000D+00 -0.35526D-02
 0.30326D+00  0.38040D-23  0.76128D+00  0.69598D+00  0.12043D+01  0.84466D+00  0.23872D+00  0.25116D+00 -0.25716D+01  0.11494D-04  0.00000D+00 -0.35090D-02
 0.30516D+00  0.39548D-23  0.76120D+00  0.69598D+00  0.12042D+01  0.84464D+00  0.23880D+00  0.25116D+00 -0.25716D+01  0.11358D-04  0.00000D+00 -0.34670D-02
 0.30705D+00  0.41113D-23  0.76111D+00  0.69598D+00  0.12042D+01  0.84462D+00  0.23889D+00  0.25117D+00 -0.25716D+01  0.11228D-04  0.00000D+00 -0.34268D-02
 0.30895D+00  0.42737D-23  0.76103D+00  0.69598D+00  0.12041D+01  0.84459D+00  0.23897D+00  0.25117D+00 -0.25716D+01  0.11102D-04  0.00000D+00 -0.33881D-02
 0.31084D+00  0.44421D-23  0.76095D+00  0.69598D+00  0.12041D+01  0.84457D+00  0.23905D+00  0.25118D+00 -0.25716D+01  0.10982D-04  0.00000D+00 -0.33510D-02
 0.31274D+00  0.46168D-23  0.76086D+00  0.69598D+00  0.12040D+01  0.84455D+00  0.23914D+00  0.25118D+00 -0.25716D+01  0.10866D-04  0.00000D+00 -0.33154D-02
 0.31463D+00  0.47979D-23  0.76078D+00  0.69598D+00  0.12040D+01  0.84453D+00  0.23922D+00  0.25119D+00 -0.25716D+01  0.10756D-04  0.00000D+00 -0.32813D-02
 0.31653D+00  0.49858D-23  0.76070D+00  0.69598D+00  0.12039D+01  0.84451D+00  0.23930D+00  0.25119D+00 -0.25716D+01  0.10649D-04  0.00000D+00 -0.32485D-02
 0.31842D+00  0.51806D-23  0.76062D+00  0.69598D+00  0.12039D+01  0.84449D+00  0.23938D+00  0.25119D+00 -0.25716D+01  0.10548D-04  0.00000D+00 -0.32172D-02
 0.32032D+00  0.53826D-23  0.76053D+00  0.69598D+00  0.12039D+01  0.84448D+00  0.23947D+00  0.25120D+00 -0.25716D+01  0.10451D-04  0.00000D+00 -0.31872D-02
 0.32221D+00  0.55921D-23  0.76045D+00  0.69598D+00  0.12038D+01  0.84446D+00  0.23955D+00  0.25120D+00 -0.25716D+01  0.10358D-04  0.00000D+00 -0.31585D-02
 0.32411D+00  0.58093D-23  0.76037D+00  0.69598D+00  0.12038D+01  0.84444D+00  0.23963D+00  0.25120D+00 -0.25716D+01  0.10269D-04  0.00000D+00 -0.31310D-02
 0.32600D+00  0.60344D-23  0.76029D+00  0.69598D+00  0.12038D+01  0.84443D+00  0.23971D+00  0.25121D+00 -0.25716D+01  0.10184D-04  0.00000D+00 -0.31048D-02
 0.32790D+00  0.62678D-23  0.76021D+00  0.69598D+00  0.12037D+01  0.84441D+00  0.23979D+00  0.25121D+00 -0.25716D+01  0.10103D-04  0.00000D+00 -0.30798D-02
 0.32980D+00  0.65096D-23  0.76013D+00  0.69598D+00  0.12037D+01  0.84440D+00  0.23987D+00  0.25121D+00 -0.25716D+01  0.10026D-04  0.00000D+00 -0.30559D-02
 0.33169D+00  0.67604D-23  0.76005D+00  0.69598D+00  0.12037D+01  0.84438D+00  0.23995D+00  0.25121D+00 -0.25716D+01  0.99521D-05  0.00000D+00 -0.30332D-02
 0.33359D+00  0.70202D-23  0.75997D+00  0.69598D+00  0.12036D+01  0.84437D+00  0.24003D+00  0.25122D+00 -0.25716D+01  0.98822D-05  0.00000D+00 -0.30116D-02
 0.33548D+00  0.72894D-23  0.75988D+00  0.69598D+00  0.12036D+01  0.84436D+00  0.24012D+00  0.25122D+00 -0.25716D+01  0.98158D-05  0.00000D+00 -0.29910D-02
 0.33738D+00  0.75685D-23  0.75980D+00  0.69598D+00  0.12036D+01  0.84434D+00  0.24020D+00  0.25122D+00 -0.25716D+01  0.97529D-05  0.00000D+00 -0.29715D-02
 0.33927D+00  0.78576D-23  0.75972D+00  0.69598D+00  0.12036D+01  0.84433D+00  0.24028D+00  0.25122D+00 -0.25716D+01  0.96934D-05  0.00000D+00 -0.29531D-02
 0.34117D+00  0.81571D-23  0.75965D+00  0.69598D+00  0.12035D+01  0.84432D+00  0.24035D+00  0.25122D+00 -0.25716D+01  0.96371D-05  0.00000D+00 -0.29356D-02
 0.34306D+00  0.84674D-23  0.75957D+00  0.69598D+00  0.12035D+01  0.84431D+00  0.24043D+00  0.25122D+00 -0.25716D+01  0.95841D-05  0.00000D+00 -0.29192D-02
 0.34496D+00  0.87889D-23  0.75949D+00  0.69598D+00  0.12035D+01  0.84430D+00  0.24051D+00  0.25123D+00 -0.25716D+01  0.95342D-05  0.00000D+00 -0.29037D-02
 0.34685D+00  0.91219D-23  0.75941D+00  0.69598D+00  0.12035D+01  0.84429D+00  0.24059D+00  0.25123D+00 -0.25716D+01  0.94874D-05  0.00000D+00 -0.28891D-02
 0.34875D+00  0.94668D-23  0.75933D+00  0.69598D+00  0.12034D+01  0.84428D+00  0.24067D+00  0.25123D+00 -0.25716D+01  0.94436D-05  0.00000D+00 -0.28755D-02
 0.35064D+00  0.98240D-23  0.75925D+00  0.69598D+00  0.12034D+01  0.84427D+00  0.24075D+00  0.25123D+00 -0.25716D+01  0.94029D-05  0.00000D+00 -0.28628D-02
 0.35254D+00  0.10194D-22  0.75917D+00  0.69598D+00  0.12034D+01  0.84427D+00  0.24083D+00  0.25123D+00 -0.25716D+01  0.93650D-05  0.00000D+00 -0.28510D-02
 0.35444D+00  0.10577D-22  0.75910D+00  0.69598D+00  0.12034D+01  0.84426D+00  0.24090D+00  0.25123D+00 -0.25716D+01  0.93300D-05  0.00000D+00 -0.28400D-02
 0.35633D+00  0.10974D-22  0.75902D+00  0.69598D+00  0.12034D+01  0.84425D+00  0.24098D+00  0.25123D+00 -0.25716D+01  0.92978D-05  0.00000D+00 -0.28299D-02
 0.35823D+00  0.11385D-22  0.75894D+00  0.69598D+00  0.12034D+01  0.84425D+00  0.24106D+00  0.25123D+00 -0.25716D+01  0.92683D-05  0.00000D+00 -0.28207D-02
 0.36012D+00  0.11810D-22  0.75886D+00  0.69598D+00  0.12034D+01  0.84424D+00  0.24114D+00  0.25123D+00 -0.25716D+01  0.92416D-05  0.00000D+00 -0.28123D-02
 0.36202D+00  0.12250D-22  0.75879D+00  0.69598D+00  0.12033D+01  0.84424D+00  0.24121D+00  0.25123D+00 -0.25716D+01  0.92176D-05  0.00000D+00 -0.28047D-02
 0.36391D+00  0.12706D-22  0.75871D+00  0.69598D+00  0.12033D+01  0.84423D+00  0.24129D+00  0.25123D+00 -0.25716D+01  0.91963D-05  0.00000D+00 -0.27979D-02
 0.36581D+00  0.13178D-22  0.75863D+00  0.69598D+00  0.12033D+01  0.84423D+00  0.24137D+00  0.25123D+00 -0.25716D+01  0.91775D-05  0.00000D+00 -0.27919D-02
 0.36770D+00  0.13666D-22  0.75856D+00  0.69598D+00  0.12033D+01  0.84422D+00  0.24144D+00  0.25123D+00 -0.25716D+01  0.91614D-05  0.00000D+00 -0.27867D-02
 0.36960D+00  0.14172D-22  0.75848D+00  0.69598D+00  0.12033D+01  0.84422D+00  0.24152D+00  0.25123D+00 -0.25716D+01  0.91478D-05  0.00000D+00 -0.27823D-02
 0.37149D+00  0.14695D-22  0.75841D+00  0.69598D+00  0.12033D+01  0.84422D+00  0.24159D+00  0.25123D+00 -0.25716D+01  0.91367D-05  0.00000D+00 -0.27787D-02
 0.37339D+00  0.15236D-22  0.75833D+00  0.69598D+00  0.12033D+01  0.84422D+00  0.24167D+00  0.25123D+00 -0.25716D+01  0.91281D-05  0.00000D+00 -0.27758D-02
 0.37528D+00  0.15796D-22  0.75826D+00  0.69598D+00  0.12033D+01  0.84422D+00  0.24174D+00  0.25123D+00 -0.25716D+01  0.91220D-05  0.00000D+00 -0.27737D-02
 0.37718D+00  0.16376D-22  0.75819D+00  0.69598D+00  0.12033D+01  0.84421D+00  0.24181D+00  0.25123D+00 -0.25716D+01  0.91184D-05  0.00000D+00 -0.27723D-02
 0.37908D+00  0.16976D-22  0.75811D+00  0.69598D+00  0.12033D+01  0.84421D+00  0.24189D+00  0.25123D+00 -0.25716D+01  0.91172D-05  0.00000D+00 -0.27716D-02
