             x            AR           CA           Po           Ca           CO           TE           U            W            OC           OA           Rp
 0.00000D+00  0.60000D+00  0.30000D+00  0.74000D+00  0.49913D+00  0.49913D+00  0.10000D+00  0.10000D+01 -0.26668D+01 -0.44830D+00  0.00000D+00  0.46122D+02
 0.18954D-02  0.68432D+00  0.20163D+00  0.76311D+00  0.56690D+00  0.53071D+00  0.11405D+00  0.15018D+01 -0.27115D+01 -0.36709D+00  0.00000D+00  0.23127D+02
 0.37908D-02  0.72923D+00  0.14923D+00  0.77650D+00  0.62349D+00  0.55707D+00  0.12154D+00  0.18342D+01 -0.27346D+01 -0.30280D+00  0.00000D+00  0.13321D+02
 0.56861D-02  0.75632D+00  0.11763D+00  0.78434D+00  0.67394D+00  0.58059D+00  0.12605D+00  0.20447D+01 -0.27468D+01 -0.24910D+00  0.00000D+00  0.83347D+01
 0.75815D-02  0.77388D+00  0.97139D-01  0.78889D+00  0.72066D+00  0.60242D+00  0.12898D+00  0.21727D+01 -0.27534D+01 -0.20304D+00  0.00000D+00  0.54919D+01
 0.94769D-02  0.78575D+00  0.83286D-01  0.79147D+00  0.76497D+00  0.62317D+00  0.13096D+00  0.22469D+01 -0.27569D+01 -0.16311D+00  0.00000D+00  0.37366D+01
 0.11372D-01  0.79397D+00  0.73702D-01  0.79284D+00  0.80761D+00  0.64321D+00  0.13233D+00  0.22871D+01 -0.27587D+01 -0.12848D+00  0.00000D+00  0.25874D+01
 0.13268D-01  0.79970D+00  0.67019D-01  0.79350D+00  0.84907D+00  0.66276D+00  0.13328D+00  0.23064D+01 -0.27596D+01 -0.98653D-01  0.00000D+00  0.18009D+01
 0.15163D-01  0.80367D+00  0.62388D-01  0.79373D+00  0.88965D+00  0.68196D+00  0.13394D+00  0.23134D+01 -0.27599D+01 -0.73320D-01  0.00000D+00  0.12445D+01
 0.17058D-01  0.80636D+00  0.59245D-01  0.79374D+00  0.92955D+00  0.70091D+00  0.13439D+00  0.23136D+01 -0.27599D+01 -0.52247D-01  0.00000D+00  0.84213D+00
 0.18954D-01  0.80812D+00  0.57193D-01  0.79363D+00  0.96892D+00  0.71968D+00  0.13469D+00  0.23103D+01 -0.27598D+01 -0.35221D-01  0.00000D+00  0.54833D+00
 0.20849D-01  0.80920D+00  0.55937D-01  0.79347D+00  0.10078D+01  0.73831D+00  0.13487D+00  0.23057D+01 -0.27596D+01 -0.22009D-01  0.00000D+00  0.33536D+00
 0.22745D-01  0.80979D+00  0.55241D-01  0.79331D+00  0.10464D+01  0.75683D+00  0.13497D+00  0.23010D+01 -0.27594D+01 -0.12327D-01  0.00000D+00  0.18564D+00
 0.24640D-01  0.81007D+00  0.54916D-01  0.79317D+00  0.10846D+01  0.77527D+00  0.13501D+00  0.22968D+01 -0.27592D+01 -0.58186D-02  0.00000D+00  0.87170D-01
 0.26535D-01  0.81017D+00  0.54805D-01  0.79306D+00  0.11226D+01  0.79364D+00  0.13503D+00  0.22934D+01 -0.27590D+01 -0.20226D-02  0.00000D+00  0.30257D-01
 0.28431D-01  0.81018D+00  0.54790D-01  0.79297D+00  0.11602D+01  0.81194D+00  0.13503D+00  0.22908D+01 -0.27589D+01 -0.34477D-03  0.00000D+00  0.51583D-02
 0.30326D-01  0.81018D+00  0.54793D-01  0.79290D+00  0.11975D+01  0.83017D+00  0.13503D+00  0.22888D+01 -0.27588D+01 -0.55324D-06  0.00000D+00  0.82806D-05
 0.32221D-01  0.81016D+00  0.54808D-01  0.79285D+00  0.12346D+01  0.84835D+00  0.13503D+00  0.22874D+01 -0.27587D+01  0.19588D-03  0.00000D+00 -0.29333D-02
 0.34117D-01  0.81008D+00  0.54905D-01  0.79281D+00  0.12714D+01  0.86645D+00  0.13501D+00  0.22863D+01 -0.27587D+01  0.16586D-02  0.00000D+00 -0.24886D-01
 0.36012D-01  0.80980D+00  0.55228D-01  0.79279D+00  0.13080D+01  0.88450D+00  0.13497D+00  0.22856D+01 -0.27587D+01  0.55935D-02  0.00000D+00 -0.84430D-01
 0.37908D-01  0.77443D+00  0.66306D-01  0.79278D+00  0.13442D+01  0.90249D+00  0.15927D+00  0.22854D+01 -0.27587D+01  0.13195D-01  0.18125D-01  0.38125D+02
 0.39803D-01  0.74488D+00  0.76519D-01  0.78767D+00  0.13698D+01  0.91528D+00  0.17860D+00  0.21377D+01 -0.27516D+01  0.21485D-01  0.12651D-01  0.25932D+02
 0.41698D-01  0.71809D+00  0.87068D-01  0.78048D+00  0.13881D+01  0.92460D+00  0.19484D+00  0.19396D+01 -0.27409D+01  0.29299D-01  0.93603D-02  0.18723D+02
 0.43594D-01  0.69211D+00  0.98893D-01  0.77280D+00  0.14012D+01  0.93141D+00  0.20900D+00  0.17391D+01 -0.27285D+01  0.36004D-01  0.73264D-02  0.14129D+02
 0.45489D-01  0.66544D+00  0.11285D+00  0.76541D+00  0.14102D+01  0.93626D+00  0.22171D+00  0.15565D+01 -0.27157D+01  0.41283D-01  0.60664D-02  0.11049D+02
 0.47384D-01  0.63683D+00  0.12980D+00  0.75866D+00  0.14160D+01  0.93954D+00  0.23337D+00  0.13984D+01 -0.27034D+01  0.45015D-01  0.53131D-02  0.89108D+01
 0.49280D-01  0.60512D+00  0.15059D+00  0.75267D+00  0.14191D+01  0.94150D+00  0.24429D+00  0.12645D+01 -0.26920D+01  0.47210D-01  0.49148D-02  0.73828D+01
 0.51175D-01  0.56925D+00  0.17609D+00  0.74744D+00  0.14198D+01  0.94233D+00  0.25466D+00  0.11523D+01 -0.26818D+01  0.47958D-01  0.47859D-02  0.62623D+01
 0.53071D-01  0.52830D+00  0.20708D+00  0.74290D+00  0.14186D+01  0.94219D+00  0.26462D+00  0.10583D+01 -0.26727D+01  0.47403D-01  0.48811D-02  0.54158D+01
 0.54966D-01  0.48160D+00  0.24416D+00  0.73896D+00  0.14155D+01  0.94117D+00  0.27424D+00  0.97942D+00 -0.26647D+01  0.45726D-01  0.51808D-02  0.47469D+01
 0.56861D-01  0.42898D+00  0.28752D+00  0.73555D+00  0.14109D+01  0.93938D+00  0.28351D+00  0.91276D+00 -0.26576D+01  0.43124D-01  0.56820D-02  0.41773D+01
 0.58757D-01  0.37098D+00  0.33676D+00  0.73258D+00  0.14049D+01  0.93690D+00  0.29226D+00  0.85613D+00 -0.26515D+01  0.39814D-01  0.63921D-02  0.36352D+01
 0.60652D-01  0.30922D+00  0.39060D+00  0.72999D+00  0.13976D+01  0.93380D+00  0.30019D+00  0.80786D+00 -0.26460D+01  0.36017D-01  0.73231D-02  0.30544D+01
 0.62547D-01  0.24649D+00  0.44673D+00  0.72776D+00  0.13894D+01  0.93019D+00  0.30678D+00  0.76687D+00 -0.26413D+01  0.31958D-01  0.84852D-02  0.23839D+01
 0.64443D-01  0.18656D+00  0.50198D+00  0.72586D+00  0.13803D+01  0.92616D+00  0.31146D+00  0.73259D+00 -0.26372D+01  0.27856D-01  0.98797D-02  0.16083D+01
 0.66338D-01  0.13333D+00  0.55291D+00  0.72430D+00  0.13707D+01  0.92187D+00  0.31376D+00  0.70483D+00 -0.26339D+01  0.23908D-01  0.11493D-01  0.76497D+00
 0.68234D-01  0.89756D-01  0.59671D+00  0.72310D+00  0.13608D+01  0.91744D+00  0.31353D+00  0.68359D+00 -0.26313D+01  0.20270D-01  0.13290D-01 -0.60824D-01
 0.70129D-01  0.56974D-01  0.63196D+00  0.72226D+00  0.13511D+01  0.91302D+00  0.31106D+00  0.66879D+00 -0.26295D+01  0.17044D-01  0.15223D-01 -0.76852D+00
 0.72024D-01  0.34238D-01  0.65879D+00  0.72176D+00  0.13417D+01  0.90875D+00  0.30697D+00  0.66014D+00 -0.26285D+01  0.14272D-01  0.17232D-01 -0.12853D+01
 0.73920D-01  0.19596D-01  0.67843D+00  0.72158D+00  0.13327D+01  0.90470D+00  0.30198D+00  0.65698D+00 -0.26281D+01  0.11946D-01  0.19259D-01 -0.15903D+01
 0.75815D-01  0.10753D-01  0.69253D+00  0.72166D+00  0.13244D+01  0.90094D+00  0.29671D+00  0.65840D+00 -0.26282D+01  0.10025D-01  0.21254D-01 -0.17099D+01
 0.77710D-01  0.56939D-02  0.70268D+00  0.72195D+00  0.13168D+01  0.89749D+00  0.29162D+00  0.66334D+00 -0.26289D+01  0.84538D-02  0.23182D-01 -0.16945D+01
 0.79606D-01  0.29258D-02  0.71013D+00  0.72237D+00  0.13098D+01  0.89435D+00  0.28695D+00  0.67075D+00 -0.26298D+01  0.71714D-02  0.25022D-01 -0.15968D+01
 0.81501D-01  0.14658D-02  0.71575D+00  0.72288D+00  0.13035D+01  0.89149D+00  0.28278D+00  0.67971D+00 -0.26309D+01  0.61237D-02  0.26763D-01 -0.14587D+01
 0.83397D-01  0.71864D-03  0.72014D+00  0.72344D+00  0.12977D+01  0.88890D+00  0.27914D+00  0.68946D+00 -0.26321D+01  0.52640D-02  0.28401D-01 -0.13084D+01
 0.85292D-01  0.34580D-03  0.72367D+00  0.72400D+00  0.12924D+01  0.88654D+00  0.27598D+00  0.69945D+00 -0.26333D+01  0.45546D-02  0.29938D-01 -0.11622D+01
 0.87187D-01  0.16368D-03  0.72659D+00  0.72455D+00  0.12876D+01  0.88439D+00  0.27324D+00  0.70926D+00 -0.26345D+01  0.39651D-02  0.31380D-01 -0.10281D+01
 0.89083D-01  0.76351D-04  0.72905D+00  0.72508D+00  0.12832D+01  0.88243D+00  0.27087D+00  0.71865D+00 -0.26356D+01  0.34719D-02  0.32732D-01 -0.90880D+00
 0.90978D-01  0.35146D-04  0.73116D+00  0.72557D+00  0.12791D+01  0.88063D+00  0.26881D+00  0.72746D+00 -0.26366D+01  0.30564D-02  0.34000D-01 -0.80458D+00
 0.92873D-01  0.15984D-04  0.73298D+00  0.72603D+00  0.12754D+01  0.87897D+00  0.26700D+00  0.73561D+00 -0.26376D+01  0.27041D-02  0.35191D-01 -0.71421D+00
 0.94769D-01  0.71885D-05  0.73458D+00  0.72644D+00  0.12719D+01  0.87745D+00  0.26541D+00  0.74310D+00 -0.26385D+01  0.24034D-02  0.36311D-01 -0.63607D+00
 0.96664D-01  0.31994D-05  0.73598D+00  0.72682D+00  0.12687D+01  0.87603D+00  0.26401D+00  0.74992D+00 -0.26393D+01  0.21452D-02  0.37365D-01 -0.56845D+00
 0.98560D-01  0.14102D-05  0.73723D+00  0.72717D+00  0.12657D+01  0.87473D+00  0.26277D+00  0.75611D+00 -0.26400D+01  0.19224D-02  0.38359D-01 -0.50982D+00
 0.10045D+00  0.61593D-06  0.73834D+00  0.72747D+00  0.12629D+01  0.87351D+00  0.26166D+00  0.76172D+00 -0.26407D+01  0.17290D-02  0.39297D-01 -0.45880D+00
 0.10235D+00  0.26670D-06  0.73933D+00  0.72775D+00  0.12603D+01  0.87237D+00  0.26067D+00  0.76679D+00 -0.26413D+01  0.15605D-02  0.40184D-01 -0.41425D+00
 0.10425D+00  0.11455D-06  0.74022D+00  0.72801D+00  0.12578D+01  0.87131D+00  0.25978D+00  0.77138D+00 -0.26418D+01  0.14129D-02  0.41024D-01 -0.37519D+00
 0.10614D+00  0.48818D-07  0.74103D+00  0.72823D+00  0.12556D+01  0.87032D+00  0.25897D+00  0.77553D+00 -0.26423D+01  0.12831D-02  0.41819D-01 -0.34082D+00
 0.10804D+00  0.20653D-07  0.74176D+00  0.72844D+00  0.12534D+01  0.86939D+00  0.25824D+00  0.77928D+00 -0.26427D+01  0.11685D-02  0.42574D-01 -0.31046D+00
 0.10993D+00  0.86766D-08  0.74242D+00  0.72862D+00  0.12514D+01  0.86851D+00  0.25758D+00  0.78268D+00 -0.26431D+01  0.10670D-02  0.43291D-01 -0.28355D+00
 0.11183D+00  0.36210D-08  0.74303D+00  0.72879D+00  0.12494D+01  0.86769D+00  0.25697D+00  0.78577D+00 -0.26435D+01  0.97676D-03  0.43973D-01 -0.25962D+00
 0.11372D+00  0.15016D-08  0.74358D+00  0.72895D+00  0.12476D+01  0.86691D+00  0.25642D+00  0.78858D+00 -0.26438D+01  0.89626D-03  0.44622D-01 -0.23826D+00
 0.11562D+00  0.15066D-08  0.74409D+00  0.72909D+00  0.12459D+01  0.86618D+00  0.25591D+00  0.79114D+00 -0.26441D+01  0.82423D-03  0.00000D+00 -0.21915D+00
 0.11751D+00  0.15118D-08  0.74455D+00  0.72921D+00  0.12443D+01  0.86548D+00  0.25545D+00  0.79348D+00 -0.26444D+01  0.75960D-03  0.00000D+00 -0.20200D+00
 0.11941D+00  0.15172D-08  0.74498D+00  0.72933D+00  0.12427D+01  0.86483D+00  0.25502D+00  0.79562D+00 -0.26446D+01  0.70145D-03  0.00000D+00 -0.18656D+00
 0.12130D+00  0.15229D-08  0.74538D+00  0.72943D+00  0.12413D+01  0.86420D+00  0.25462D+00  0.79758D+00 -0.26448D+01  0.64899D-03  0.00000D+00 -0.17264D+00
 0.12320D+00  0.15286D-08  0.74575D+00  0.72953D+00  0.12399D+01  0.86361D+00  0.25425D+00  0.79938D+00 -0.26450D+01  0.60155D-03  0.00000D+00 -0.16004D+00
 0.12509D+00  0.15346D-08  0.74609D+00  0.72962D+00  0.12385D+01  0.86305D+00  0.25391D+00  0.80103D+00 -0.26452D+01  0.55855D-03  0.00000D+00 -0.14862D+00
 0.12699D+00  0.15407D-08  0.74641D+00  0.72970D+00  0.12373D+01  0.86251D+00  0.25359D+00  0.80256D+00 -0.26454D+01  0.51949D-03  0.00000D+00 -0.13824D+00
 0.12889D+00  0.15470D-08  0.74670D+00  0.72978D+00  0.12360D+01  0.86200D+00  0.25330D+00  0.80397D+00 -0.26456D+01  0.48392D-03  0.00000D+00 -0.12879D+00
 0.13078D+00  0.15533D-08  0.74698D+00  0.72985D+00  0.12349D+01  0.86151D+00  0.25302D+00  0.80527D+00 -0.26457D+01  0.45148D-03  0.00000D+00 -0.12017D+00
 0.13268D+00  0.15598D-08  0.74724D+00  0.72992D+00  0.12338D+01  0.86104D+00  0.25276D+00  0.80648D+00 -0.26459D+01  0.42183D-03  0.00000D+00 -0.11229D+00
 0.13457D+00  0.15664D-08  0.74748D+00  0.72998D+00  0.12327D+01  0.86060D+00  0.25252D+00  0.80759D+00 -0.26460D+01  0.39468D-03  0.00000D+00 -0.10507D+00
 0.13647D+00  0.15731D-08  0.74771D+00  0.73003D+00  0.12317D+01  0.86017D+00  0.25229D+00  0.80863D+00 -0.26461D+01  0.36977D-03  0.00000D+00 -0.98451D-01
 0.13836D+00  0.15800D-08  0.74792D+00  0.73009D+00  0.12307D+01  0.85976D+00  0.25208D+00  0.80960D+00 -0.26462D+01  0.34688D-03  0.00000D+00 -0.92366D-01
 0.14026D+00  0.15869D-08  0.74812D+00  0.73013D+00  0.12298D+01  0.85937D+00  0.25188D+00  0.81050D+00 -0.26463D+01  0.32582D-03  0.00000D+00 -0.86765D-01
 0.14215D+00  0.15939D-08  0.74831D+00  0.73018D+00  0.12289D+01  0.85900D+00  0.25169D+00  0.81134D+00 -0.26464D+01  0.30640D-03  0.00000D+00 -0.81601D-01
 0.14405D+00  0.16010D-08  0.74849D+00  0.73022D+00  0.12280D+01  0.85864D+00  0.25151D+00  0.81213D+00 -0.26465D+01  0.28848D-03  0.00000D+00 -0.76834D-01
 0.14594D+00  0.16081D-08  0.74866D+00  0.73026D+00  0.12272D+01  0.85829D+00  0.25134D+00  0.81287D+00 -0.26466D+01  0.27191D-03  0.00000D+00 -0.72426D-01
 0.14784D+00  0.16154D-08  0.74882D+00  0.73030D+00  0.12264D+01  0.85796D+00  0.25118D+00  0.81355D+00 -0.26467D+01  0.25657D-03  0.00000D+00 -0.68345D-01
 0.14973D+00  0.16227D-08  0.74897D+00  0.73033D+00  0.12256D+01  0.85764D+00  0.25103D+00  0.81420D+00 -0.26467D+01  0.24235D-03  0.00000D+00 -0.64561D-01
 0.15163D+00  0.16301D-08  0.74911D+00  0.73037D+00  0.12249D+01  0.85733D+00  0.25089D+00  0.81480D+00 -0.26468D+01  0.22915D-03  0.00000D+00 -0.61049D-01
 0.15353D+00  0.16376D-08  0.74925D+00  0.73040D+00  0.12242D+01  0.85704D+00  0.25075D+00  0.81537D+00 -0.26469D+01  0.21688D-03  0.00000D+00 -0.57784D-01
 0.15542D+00  0.16451D-08  0.74938D+00  0.73043D+00  0.12235D+01  0.85675D+00  0.25062D+00  0.81591D+00 -0.26469D+01  0.20546D-03  0.00000D+00 -0.54746D-01
 0.15732D+00  0.16527D-08  0.74950D+00  0.73045D+00  0.12228D+01  0.85648D+00  0.25050D+00  0.81641D+00 -0.26470D+01  0.19483D-03  0.00000D+00 -0.51916D-01
 0.15921D+00  0.16604D-08  0.74962D+00  0.73048D+00  0.12222D+01  0.85621D+00  0.25038D+00  0.81688D+00 -0.26470D+01  0.18491D-03  0.00000D+00 -0.49276D-01
 0.16111D+00  0.16682D-08  0.74973D+00  0.73050D+00  0.12215D+01  0.85596D+00  0.25027D+00  0.81733D+00 -0.26471D+01  0.17565D-03  0.00000D+00 -0.46812D-01
 0.16300D+00  0.16760D-08  0.74984D+00  0.73053D+00  0.12209D+01  0.85571D+00  0.25016D+00  0.81775D+00 -0.26471D+01  0.16700D-03  0.00000D+00 -0.44509D-01
 0.16490D+00  0.16838D-08  0.74994D+00  0.73055D+00  0.12204D+01  0.85547D+00  0.25006D+00  0.81815D+00 -0.26472D+01  0.15891D-03  0.00000D+00 -0.42354D-01
 0.16679D+00  0.16918D-08  0.75004D+00  0.73057D+00  0.12198D+01  0.85524D+00  0.24996D+00  0.81853D+00 -0.26472D+01  0.15133D-03  0.00000D+00 -0.40336D-01
 0.16869D+00  0.16997D-08  0.75013D+00  0.73059D+00  0.12193D+01  0.85501D+00  0.24987D+00  0.81888D+00 -0.26473D+01  0.14422D-03  0.00000D+00 -0.38444D-01
 0.17058D+00  0.17078D-08  0.75022D+00  0.73060D+00  0.12187D+01  0.85480D+00  0.24978D+00  0.81922D+00 -0.26473D+01  0.13756D-03  0.00000D+00 -0.36670D-01
 0.17248D+00  0.17159D-08  0.75031D+00  0.73062D+00  0.12182D+01  0.85459D+00  0.24969D+00  0.81954D+00 -0.26473D+01  0.13130D-03  0.00000D+00 -0.35003D-01
 0.17437D+00  0.17240D-08  0.75039D+00  0.73064D+00  0.12177D+01  0.85439D+00  0.24961D+00  0.81984D+00 -0.26474D+01  0.12542D-03  0.00000D+00 -0.33437D-01
 0.17627D+00  0.17322D-08  0.75047D+00  0.73065D+00  0.12173D+01  0.85419D+00  0.24953D+00  0.82012D+00 -0.26474D+01  0.11989D-03  0.00000D+00 -0.31964D-01
 0.17817D+00  0.17405D-08  0.75054D+00  0.73067D+00  0.12168D+01  0.85400D+00  0.24946D+00  0.82039D+00 -0.26474D+01  0.11468D-03  0.00000D+00 -0.30577D-01
 0.18006D+00  0.17488D-08  0.75062D+00  0.73068D+00  0.12163D+01  0.85382D+00  0.24938D+00  0.82065D+00 -0.26475D+01  0.10977D-03  0.00000D+00 -0.29270D-01
 0.18196D+00  0.17572D-08  0.75069D+00  0.73069D+00  0.12159D+01  0.85364D+00  0.24931D+00  0.82090D+00 -0.26475D+01  0.10515D-03  0.00000D+00 -0.28039D-01
 0.18385D+00  0.17656D-08  0.75076D+00  0.73071D+00  0.12155D+01  0.85346D+00  0.24924D+00  0.82113D+00 -0.26475D+01  0.10079D-03  0.00000D+00 -0.26876D-01
 0.18575D+00  0.17741D-08  0.75082D+00  0.73072D+00  0.12151D+01  0.85329D+00  0.24918D+00  0.82135D+00 -0.26476D+01  0.96667D-04  0.00000D+00 -0.25779D-01
 0.18764D+00  0.17826D-08  0.75089D+00  0.73073D+00  0.12147D+01  0.85313D+00  0.24911D+00  0.82156D+00 -0.26476D+01  0.92775D-04  0.00000D+00 -0.24742D-01
 0.18954D+00  0.17911D-08  0.75095D+00  0.73074D+00  0.12143D+01  0.85297D+00  0.24905D+00  0.82176D+00 -0.26476D+01  0.89096D-04  0.00000D+00 -0.23762D-01
 0.19143D+00  0.17998D-08  0.75101D+00  0.73075D+00  0.12139D+01  0.85282D+00  0.24899D+00  0.82195D+00 -0.26476D+01  0.85615D-04  0.00000D+00 -0.22835D-01
 0.19333D+00  0.18084D-08  0.75107D+00  0.73076D+00  0.12136D+01  0.85267D+00  0.24893D+00  0.82213D+00 -0.26476D+01  0.82320D-04  0.00000D+00 -0.21957D-01
 0.19522D+00  0.18172D-08  0.75112D+00  0.73077D+00  0.12132D+01  0.85252D+00  0.24888D+00  0.82230D+00 -0.26477D+01  0.79198D-04  0.00000D+00 -0.21125D-01
 0.19712D+00  0.18259D-08  0.75118D+00  0.73078D+00  0.12129D+01  0.85238D+00  0.24882D+00  0.82246D+00 -0.26477D+01  0.76240D-04  0.00000D+00 -0.20337D-01
 0.19901D+00  0.18348D-08  0.75123D+00  0.73079D+00  0.12125D+01  0.85224D+00  0.24877D+00  0.82262D+00 -0.26477D+01  0.73434D-04  0.00000D+00 -0.19589D-01
 0.20091D+00  0.18436D-08  0.75128D+00  0.73080D+00  0.12122D+01  0.85211D+00  0.24872D+00  0.82277D+00 -0.26477D+01  0.70771D-04  0.00000D+00 -0.18879D-01
 0.20281D+00  0.18525D-08  0.75133D+00  0.73080D+00  0.12119D+01  0.85198D+00  0.24867D+00  0.82291D+00 -0.26477D+01  0.68243D-04  0.00000D+00 -0.18206D-01
 0.20470D+00  0.18615D-08  0.75138D+00  0.73081D+00  0.12116D+01  0.85185D+00  0.24862D+00  0.82305D+00 -0.26477D+01  0.65842D-04  0.00000D+00 -0.17566D-01
 0.20660D+00  0.18705D-08  0.75143D+00  0.73082D+00  0.12113D+01  0.85173D+00  0.24857D+00  0.82317D+00 -0.26478D+01  0.63559D-04  0.00000D+00 -0.16957D-01
 0.20849D+00  0.18796D-08  0.75147D+00  0.73082D+00  0.12110D+01  0.85161D+00  0.24853D+00  0.82330D+00 -0.26478D+01  0.61389D-04  0.00000D+00 -0.16379D-01
 0.21039D+00  0.18887D-08  0.75152D+00  0.73083D+00  0.12107D+01  0.85150D+00  0.24848D+00  0.82342D+00 -0.26478D+01  0.59324D-04  0.00000D+00 -0.15828D-01
 0.21228D+00  0.18978D-08  0.75156D+00  0.73084D+00  0.12105D+01  0.85138D+00  0.24844D+00  0.82353D+00 -0.26478D+01  0.57358D-04  0.00000D+00 -0.15304D-01
 0.21418D+00  0.19070D-08  0.75160D+00  0.73084D+00  0.12102D+01  0.85127D+00  0.24840D+00  0.82364D+00 -0.26478D+01  0.55486D-04  0.00000D+00 -0.14805D-01
 0.21607D+00  0.19163D-08  0.75164D+00  0.73085D+00  0.12099D+01  0.85116D+00  0.24836D+00  0.82374D+00 -0.26478D+01  0.53702D-04  0.00000D+00 -0.14330D-01
 0.21797D+00  0.19256D-08  0.75168D+00  0.73085D+00  0.12097D+01  0.85106D+00  0.24832D+00  0.82384D+00 -0.26478D+01  0.52002D-04  0.00000D+00 -0.13877D-01
 0.21986D+00  0.19350D-08  0.75172D+00  0.73086D+00  0.12094D+01  0.85096D+00  0.24828D+00  0.82393D+00 -0.26478D+01  0.50381D-04  0.00000D+00 -0.13445D-01
 0.22176D+00  0.19443D-08  0.75176D+00  0.73086D+00  0.12092D+01  0.85086D+00  0.24824D+00  0.82402D+00 -0.26479D+01  0.48834D-04  0.00000D+00 -0.13032D-01
 0.22365D+00  0.19538D-08  0.75180D+00  0.73087D+00  0.12090D+01  0.85076D+00  0.24820D+00  0.82410D+00 -0.26479D+01  0.47358D-04  0.00000D+00 -0.12639D-01
 0.22555D+00  0.19633D-08  0.75184D+00  0.73087D+00  0.12087D+01  0.85067D+00  0.24816D+00  0.82419D+00 -0.26479D+01  0.45948D-04  0.00000D+00 -0.12263D-01
 0.22745D+00  0.19728D-08  0.75187D+00  0.73088D+00  0.12085D+01  0.85057D+00  0.24813D+00  0.82426D+00 -0.26479D+01  0.44602D-04  0.00000D+00 -0.11904D-01
 0.22934D+00  0.19824D-08  0.75191D+00  0.73088D+00  0.12083D+01  0.85048D+00  0.24809D+00  0.82434D+00 -0.26479D+01  0.43316D-04  0.00000D+00 -0.11561D-01
 0.23124D+00  0.19920D-08  0.75194D+00  0.73088D+00  0.12081D+01  0.85040D+00  0.24806D+00  0.82441D+00 -0.26479D+01  0.42086D-04  0.00000D+00 -0.11233D-01
 0.23313D+00  0.20017D-08  0.75198D+00  0.73089D+00  0.12079D+01  0.85031D+00  0.24802D+00  0.82448D+00 -0.26479D+01  0.40910D-04  0.00000D+00 -0.10920D-01
 0.23503D+00  0.20115D-08  0.75201D+00  0.73089D+00  0.12077D+01  0.85023D+00  0.24799D+00  0.82454D+00 -0.26479D+01  0.39786D-04  0.00000D+00 -0.10620D-01
 0.23692D+00  0.20212D-08  0.75204D+00  0.73089D+00  0.12075D+01  0.85015D+00  0.24796D+00  0.82461D+00 -0.26479D+01  0.38709D-04  0.00000D+00 -0.10333D-01
 0.23882D+00  0.20311D-08  0.75207D+00  0.73090D+00  0.12073D+01  0.85007D+00  0.24793D+00  0.82467D+00 -0.26479D+01  0.37679D-04  0.00000D+00 -0.10058D-01
 0.24071D+00  0.20409D-08  0.75211D+00  0.73090D+00  0.12071D+01  0.84999D+00  0.24789D+00  0.82472D+00 -0.26479D+01  0.36693D-04  0.00000D+00 -0.97954D-02
 0.24261D+00  0.20509D-08  0.75214D+00  0.73090D+00  0.12070D+01  0.84992D+00  0.24786D+00  0.82478D+00 -0.26479D+01  0.35749D-04  0.00000D+00 -0.95436D-02
 0.24450D+00  0.20608D-08  0.75217D+00  0.73091D+00  0.12068D+01  0.84984D+00  0.24783D+00  0.82483D+00 -0.26479D+01  0.34844D-04  0.00000D+00 -0.93023D-02
 0.24640D+00  0.20709D-08  0.75220D+00  0.73091D+00  0.12066D+01  0.84977D+00  0.24780D+00  0.82488D+00 -0.26480D+01  0.33977D-04  0.00000D+00 -0.90711D-02
 0.24829D+00  0.20809D-08  0.75223D+00  0.73091D+00  0.12065D+01  0.84970D+00  0.24777D+00  0.82493D+00 -0.26480D+01  0.33146D-04  0.00000D+00 -0.88495D-02
 0.25019D+00  0.20910D-08  0.75226D+00  0.73091D+00  0.12063D+01  0.84963D+00  0.24774D+00  0.82498D+00 -0.26480D+01  0.32349D-04  0.00000D+00 -0.86370D-02
 0.25208D+00  0.21012D-08  0.75228D+00  0.73092D+00  0.12061D+01  0.84957D+00  0.24772D+00  0.82502D+00 -0.26480D+01  0.31585D-04  0.00000D+00 -0.84332D-02
 0.25398D+00  0.21114D-08  0.75231D+00  0.73092D+00  0.12060D+01  0.84950D+00  0.24769D+00  0.82506D+00 -0.26480D+01  0.30852D-04  0.00000D+00 -0.82378D-02
 0.25588D+00  0.21217D-08  0.75234D+00  0.73092D+00  0.12058D+01  0.84944D+00  0.24766D+00  0.82510D+00 -0.26480D+01  0.30149D-04  0.00000D+00 -0.80502D-02
 0.25777D+00  0.21320D-08  0.75237D+00  0.73092D+00  0.12057D+01  0.84938D+00  0.24763D+00  0.82514D+00 -0.26480D+01  0.29474D-04  0.00000D+00 -0.78703D-02
 0.25967D+00  0.21424D-08  0.75239D+00  0.73092D+00  0.12056D+01  0.84932D+00  0.24761D+00  0.82518D+00 -0.26480D+01  0.28826D-04  0.00000D+00 -0.76975D-02
 0.26156D+00  0.21528D-08  0.75242D+00  0.73093D+00  0.12054D+01  0.84926D+00  0.24758D+00  0.82521D+00 -0.26480D+01  0.28204D-04  0.00000D+00 -0.75317D-02
 0.26346D+00  0.21632D-08  0.75245D+00  0.73093D+00  0.12053D+01  0.84920D+00  0.24755D+00  0.82524D+00 -0.26480D+01  0.27607D-04  0.00000D+00 -0.73725D-02
 0.26535D+00  0.21737D-08  0.75247D+00  0.73093D+00  0.12052D+01  0.84915D+00  0.24753D+00  0.82528D+00 -0.26480D+01  0.27034D-04  0.00000D+00 -0.72195D-02
 0.26725D+00  0.21843D-08  0.75250D+00  0.73093D+00  0.12050D+01  0.84909D+00  0.24750D+00  0.82531D+00 -0.26480D+01  0.26483D-04  0.00000D+00 -0.70727D-02
 0.26914D+00  0.21949D-08  0.75252D+00  0.73093D+00  0.12049D+01  0.84904D+00  0.24748D+00  0.82534D+00 -0.26480D+01  0.25954D-04  0.00000D+00 -0.69316D-02
 0.27104D+00  0.22056D-08  0.75255D+00  0.73093D+00  0.12048D+01  0.84899D+00  0.24745D+00  0.82536D+00 -0.26480D+01  0.25446D-04  0.00000D+00 -0.67961D-02
 0.27293D+00  0.22163D-08  0.75257D+00  0.73094D+00  0.12047D+01  0.84894D+00  0.24743D+00  0.82539D+00 -0.26480D+01  0.24958D-04  0.00000D+00 -0.66659D-02
 0.27483D+00  0.22270D-08  0.75260D+00  0.73094D+00  0.12046D+01  0.84889D+00  0.24740D+00  0.82541D+00 -0.26480D+01  0.24489D-04  0.00000D+00 -0.65407D-02
 0.27672D+00  0.22378D-08  0.75262D+00  0.73094D+00  0.12045D+01  0.84885D+00  0.24738D+00  0.82544D+00 -0.26480D+01  0.24038D-04  0.00000D+00 -0.64205D-02
 0.27862D+00  0.22487D-08  0.75265D+00  0.73094D+00  0.12044D+01  0.84880D+00  0.24735D+00  0.82546D+00 -0.26480D+01  0.23604D-04  0.00000D+00 -0.63049D-02
 0.28052D+00  0.22596D-08  0.75267D+00  0.73094D+00  0.12043D+01  0.84875D+00  0.24733D+00  0.82548D+00 -0.26480D+01  0.23188D-04  0.00000D+00 -0.61939D-02
 0.28241D+00  0.22705D-08  0.75269D+00  0.73094D+00  0.12042D+01  0.84871D+00  0.24731D+00  0.82550D+00 -0.26480D+01  0.22788D-04  0.00000D+00 -0.60871D-02
 0.28431D+00  0.22816D-08  0.75272D+00  0.73094D+00  0.12041D+01  0.84867D+00  0.24728D+00  0.82552D+00 -0.26480D+01  0.22403D-04  0.00000D+00 -0.59845D-02
 0.28620D+00  0.22926D-08  0.75274D+00  0.73094D+00  0.12040D+01  0.84863D+00  0.24726D+00  0.82554D+00 -0.26480D+01  0.22034D-04  0.00000D+00 -0.58860D-02
 0.28810D+00  0.23037D-08  0.75276D+00  0.73095D+00  0.12039D+01  0.84859D+00  0.24724D+00  0.82556D+00 -0.26480D+01  0.21678D-04  0.00000D+00 -0.57912D-02
 0.28999D+00  0.23149D-08  0.75279D+00  0.73095D+00  0.12038D+01  0.84855D+00  0.24721D+00  0.82558D+00 -0.26480D+01  0.21337D-04  0.00000D+00 -0.57001D-02
 0.29189D+00  0.23261D-08  0.75281D+00  0.73095D+00  0.12037D+01  0.84851D+00  0.24719D+00  0.82559D+00 -0.26480D+01  0.21009D-04  0.00000D+00 -0.56126D-02
 0.29378D+00  0.23374D-08  0.75283D+00  0.73095D+00  0.12036D+01  0.84847D+00  0.24717D+00  0.82561D+00 -0.26480D+01  0.20693D-04  0.00000D+00 -0.55285D-02
 0.29568D+00  0.23487D-08  0.75285D+00  0.73095D+00  0.12035D+01  0.84844D+00  0.24715D+00  0.82562D+00 -0.26480D+01  0.20390D-04  0.00000D+00 -0.54478D-02
 0.29757D+00  0.23601D-08  0.75288D+00  0.73095D+00  0.12035D+01  0.84840D+00  0.24712D+00  0.82564D+00 -0.26480D+01  0.20099D-04  0.00000D+00 -0.53702D-02
 0.29947D+00  0.23715D-08  0.75290D+00  0.73095D+00  0.12034D+01  0.84837D+00  0.24710D+00  0.82565D+00 -0.26480D+01  0.19820D-04  0.00000D+00 -0.52956D-02
 0.30136D+00  0.23830D-08  0.75292D+00  0.73095D+00  0.12033D+01  0.84834D+00  0.24708D+00  0.82566D+00 -0.26480D+01  0.19552D-04  0.00000D+00 -0.52240D-02
 0.30326D+00  0.23945D-08  0.75294D+00  0.73095D+00  0.12032D+01  0.84830D+00  0.24706D+00  0.82568D+00 -0.26480D+01  0.19294D-04  0.00000D+00 -0.51553D-02
 0.30516D+00  0.24061D-08  0.75296D+00  0.73095D+00  0.12032D+01  0.84827D+00  0.24704D+00  0.82569D+00 -0.26480D+01  0.19047D-04  0.00000D+00 -0.50894D-02
 0.30705D+00  0.24177D-08  0.75298D+00  0.73095D+00  0.12031D+01  0.84824D+00  0.24702D+00  0.82570D+00 -0.26480D+01  0.18809D-04  0.00000D+00 -0.50261D-02
 0.30895D+00  0.24294D-08  0.75301D+00  0.73095D+00  0.12030D+01  0.84822D+00  0.24699D+00  0.82571D+00 -0.26480D+01  0.18582D-04  0.00000D+00 -0.49654D-02
 0.31084D+00  0.24411D-08  0.75303D+00  0.73095D+00  0.12030D+01  0.84819D+00  0.24697D+00  0.82572D+00 -0.26480D+01  0.18363D-04  0.00000D+00 -0.49072D-02
 0.31274D+00  0.24529D-08  0.75305D+00  0.73095D+00  0.12029D+01  0.84816D+00  0.24695D+00  0.82573D+00 -0.26480D+01  0.18154D-04  0.00000D+00 -0.48514D-02
 0.31463D+00  0.24648D-08  0.75307D+00  0.73095D+00  0.12029D+01  0.84813D+00  0.24693D+00  0.82573D+00 -0.26480D+01  0.17953D-04  0.00000D+00 -0.47979D-02
 0.31653D+00  0.24767D-08  0.75309D+00  0.73095D+00  0.12028D+01  0.84811D+00  0.24691D+00  0.82574D+00 -0.26480D+01  0.17761D-04  0.00000D+00 -0.47467D-02
 0.31842D+00  0.24886D-08  0.75311D+00  0.73096D+00  0.12028D+01  0.84808D+00  0.24689D+00  0.82575D+00 -0.26481D+01  0.17578D-04  0.00000D+00 -0.46977D-02
 0.32032D+00  0.25006D-08  0.75313D+00  0.73096D+00  0.12027D+01  0.84806D+00  0.24687D+00  0.82576D+00 -0.26481D+01  0.17402D-04  0.00000D+00 -0.46509D-02
 0.32221D+00  0.25127D-08  0.75315D+00  0.73096D+00  0.12026D+01  0.84804D+00  0.24685D+00  0.82576D+00 -0.26481D+01  0.17234D-04  0.00000D+00 -0.46061D-02
 0.32411D+00  0.25248D-08  0.75317D+00  0.73096D+00  0.12026D+01  0.84802D+00  0.24683D+00  0.82577D+00 -0.26481D+01  0.17073D-04  0.00000D+00 -0.45633D-02
 0.32600D+00  0.25370D-08  0.75319D+00  0.73096D+00  0.12026D+01  0.84800D+00  0.24681D+00  0.82577D+00 -0.26481D+01  0.16920D-04  0.00000D+00 -0.45225D-02
 0.32790D+00  0.25492D-08  0.75321D+00  0.73096D+00  0.12025D+01  0.84798D+00  0.24679D+00  0.82578D+00 -0.26481D+01  0.16774D-04  0.00000D+00 -0.44835D-02
 0.32980D+00  0.25615D-08  0.75323D+00  0.73096D+00  0.12025D+01  0.84796D+00  0.24677D+00  0.82578D+00 -0.26481D+01  0.16635D-04  0.00000D+00 -0.44464D-02
 0.33169D+00  0.25738D-08  0.75325D+00  0.73096D+00  0.12024D+01  0.84794D+00  0.24675D+00  0.82579D+00 -0.26481D+01  0.16502D-04  0.00000D+00 -0.44112D-02
 0.33359D+00  0.25862D-08  0.75327D+00  0.73096D+00  0.12024D+01  0.84792D+00  0.24673D+00  0.82579D+00 -0.26481D+01  0.16377D-04  0.00000D+00 -0.43776D-02
 0.33548D+00  0.25987D-08  0.75329D+00  0.73096D+00  0.12024D+01  0.84790D+00  0.24671D+00  0.82580D+00 -0.26481D+01  0.16257D-04  0.00000D+00 -0.43458D-02
 0.33738D+00  0.26112D-08  0.75331D+00  0.73096D+00  0.12023D+01  0.84789D+00  0.24669D+00  0.82580D+00 -0.26481D+01  0.16144D-04  0.00000D+00 -0.43157D-02
 0.33927D+00  0.26238D-08  0.75333D+00  0.73096D+00  0.12023D+01  0.84787D+00  0.24667D+00  0.82580D+00 -0.26481D+01  0.16037D-04  0.00000D+00 -0.42871D-02
 0.34117D+00  0.26364D-08  0.75335D+00  0.73096D+00  0.12023D+01  0.84786D+00  0.24665D+00  0.82580D+00 -0.26481D+01  0.15936D-04  0.00000D+00 -0.42602D-02
 0.34306D+00  0.26490D-08  0.75337D+00  0.73096D+00  0.12022D+01  0.84784D+00  0.24663D+00  0.82581D+00 -0.26481D+01  0.15840D-04  0.00000D+00 -0.42348D-02
 0.34496D+00  0.26618D-08  0.75339D+00  0.73096D+00  0.12022D+01  0.84783D+00  0.24661D+00  0.82581D+00 -0.26481D+01  0.15751D-04  0.00000D+00 -0.42110D-02
 0.34685D+00  0.26746D-08  0.75341D+00  0.73096D+00  0.12022D+01  0.84782D+00  0.24659D+00  0.82581D+00 -0.26481D+01  0.15667D-04  0.00000D+00 -0.41886D-02
 0.34875D+00  0.26874D-08  0.75343D+00  0.73096D+00  0.12022D+01  0.84781D+00  0.24657D+00  0.82581D+00 -0.26481D+01  0.15588D-04  0.00000D+00 -0.41677D-02
 0.35064D+00  0.27003D-08  0.75345D+00  0.73096D+00  0.12021D+01  0.84780D+00  0.24655D+00  0.82582D+00 -0.26481D+01  0.15515D-04  0.00000D+00 -0.41482D-02
 0.35254D+00  0.27133D-08  0.75347D+00  0.73096D+00  0.12021D+01  0.84779D+00  0.24653D+00  0.82582D+00 -0.26481D+01  0.15447D-04  0.00000D+00 -0.41301D-02
 0.35444D+00  0.27263D-08  0.75349D+00  0.73096D+00  0.12021D+01  0.84778D+00  0.24651D+00  0.82582D+00 -0.26481D+01  0.15384D-04  0.00000D+00 -0.41134D-02
 0.35633D+00  0.27394D-08  0.75351D+00  0.73096D+00  0.12021D+01  0.84777D+00  0.24649D+00  0.82582D+00 -0.26481D+01  0.15326D-04  0.00000D+00 -0.40981D-02
 0.35823D+00  0.27525D-08  0.75352D+00  0.73096D+00  0.12021D+01  0.84776D+00  0.24648D+00  0.82582D+00 -0.26481D+01  0.15273D-04  0.00000D+00 -0.40841D-02
 0.36012D+00  0.27657D-08  0.75354D+00  0.73096D+00  0.12020D+01  0.84775D+00  0.24646D+00  0.82582D+00 -0.26481D+01  0.15225D-04  0.00000D+00 -0.40714D-02
 0.36202D+00  0.27790D-08  0.75356D+00  0.73096D+00  0.12020D+01  0.84775D+00  0.24644D+00  0.82582D+00 -0.26481D+01  0.15182D-04  0.00000D+00 -0.40600D-02
 0.36391D+00  0.27923D-08  0.75358D+00  0.73096D+00  0.12020D+01  0.84774D+00  0.24642D+00  0.82582D+00 -0.26481D+01  0.15144D-04  0.00000D+00 -0.40498D-02
 0.36581D+00  0.28056D-08  0.75360D+00  0.73096D+00  0.12020D+01  0.84774D+00  0.24640D+00  0.82582D+00 -0.26481D+01  0.15110D-04  0.00000D+00 -0.40409D-02
 0.36770D+00  0.28191D-08  0.75362D+00  0.73096D+00  0.12020D+01  0.84773D+00  0.24638D+00  0.82582D+00 -0.26481D+01  0.15081D-04  0.00000D+00 -0.40333D-02
 0.36960D+00  0.28326D-08  0.75364D+00  0.73096D+00  0.12020D+01  0.84773D+00  0.24636D+00  0.82582D+00 -0.26481D+01  0.15057D-04  0.00000D+00 -0.40269D-02
 0.37149D+00  0.28461D-08  0.75366D+00  0.73096D+00  0.12020D+01  0.84773D+00  0.24634D+00  0.82582D+00 -0.26481D+01  0.15037D-04  0.00000D+00 -0.40216D-02
 0.37339D+00  0.28597D-08  0.75368D+00  0.73096D+00  0.12020D+01  0.84772D+00  0.24632D+00  0.82582D+00 -0.26481D+01  0.15022D-04  0.00000D+00 -0.40176D-02
 0.37528D+00  0.28734D-08  0.75370D+00  0.73096D+00  0.12020D+01  0.84772D+00  0.24630D+00  0.82582D+00 -0.26481D+01  0.15011D-04  0.00000D+00 -0.40148D-02
 0.37718D+00  0.28871D-08  0.75372D+00  0.73096D+00  0.12020D+01  0.84772D+00  0.24628D+00  0.82582D+00 -0.26481D+01  0.15004D-04  0.00000D+00 -0.40132D-02
 0.37908D+00  0.29009D-08  0.75373D+00  0.73096D+00  0.12020D+01  0.84772D+00  0.24627D+00  0.82582D+00 -0.26481D+01  0.15002D-04  0.00000D+00 -0.40127D-02
