# x AR CA ca co phi u v
0.00000e+00 6.00000e-01 3.00000e-01 4.99135e-01 4.99135e-01 7.40000e-01 1.00000e+00 -2.67534e+00
1.90490e-03 7.23082e-01 1.56404e-01 5.40586e-01 5.17863e-01 7.35961e-01 9.20560e-01 -2.66701e+00
3.80980e-03 7.91091e-01 7.70609e-02 5.74817e-01 5.33159e-01 7.30066e-01 8.08799e-01 -2.65465e+00
5.71470e-03 8.25776e-01 3.65952e-02 6.05900e-01 5.46981e-01 7.24628e-01 7.09910e-01 -2.64306e+00
7.61960e-03 8.42470e-01 1.71179e-02 6.35655e-01 5.60209e-01 7.20304e-01 6.34044e-01 -2.63373e+00
9.52450e-03 8.50243e-01 8.05019e-03 6.64844e-01 5.73215e-01 7.17094e-01 5.79268e-01 -2.62675e+00
1.14294e-02 8.53823e-01 3.87315e-03 6.93752e-01 5.86141e-01 7.14795e-01 5.40831e-01 -2.62173e+00
1.33343e-02 8.55486e-01 1.93283e-03 7.22470e-01 5.99032e-01 7.13181e-01 5.14237e-01 -2.61819e+00
1.52392e-02 8.56277e-01 1.01063e-03 7.51014e-01 6.11899e-01 7.12062e-01 4.95970e-01 -2.61572e+00
1.71441e-02 8.56665e-01 5.57544e-04 7.79379e-01 6.24738e-01 7.11291e-01 4.83476e-01 -2.61403e+00
1.90490e-02 8.56863e-01 3.25919e-04 8.07552e-01 6.37546e-01 7.10763e-01 4.74956e-01 -2.61286e+00
2.09539e-02 8.56969e-01 2.02294e-04 8.35523e-01 6.50317e-01 7.10402e-01 4.69162e-01 -2.61207e+00
2.28588e-02 8.57029e-01 1.33355e-04 8.63283e-01 6.63047e-01 7.10157e-01 4.65235e-01 -2.61153e+00
2.47637e-02 8.57063e-01 9.32475e-05 8.90829e-01 6.75732e-01 7.09992e-01 4.62587e-01 -2.61116e+00
2.66686e-02 8.57084e-01 6.89830e-05 9.18155e-01 6.88371e-01 7.09881e-01 4.60812e-01 -2.61092e+00
2.85735e-02 8.57097e-01 5.37924e-05 9.45262e-01 7.00962e-01 7.09807e-01 4.59636e-01 -2.61075e+00
3.04784e-02 8.57105e-01 4.40104e-05 9.72148e-01 7.13505e-01 7.09759e-01 4.58868e-01 -2.61065e+00
3.23833e-02 8.57111e-01 3.75745e-05 9.98813e-01 7.25999e-01 7.09729e-01 4.58380e-01 -2.61058e+00
3.42882e-02 8.57114e-01 3.32761e-05 1.02526e+00 7.38443e-01 7.09710e-01 4.58083e-01 -2.61054e+00
3.61931e-02 8.57117e-01 3.03756e-05 1.05149e+00 7.50838e-01 7.09700e-01 4.57917e-01 -2.61052e+00
3.80980e-02 1.06803e-01 1.31055e-04 1.07750e+00 7.63183e-01 7.09695e-01 4.57841e-01 -2.61050e+00
4.00029e-02 9.10131e-03 1.31297e-04 1.08187e+00 7.65012e-01 7.01206e-01 3.26401e-01 -2.59164e+00
4.19078e-02 5.62880e-04 1.16580e-04 1.08439e+00 7.65940e-01 6.94675e-01 2.30702e-01 -2.57701e+00
4.38127e-02 2.58805e-05 9.85380e-05 1.08682e+00 7.66821e-01 6.90160e-01 1.67152e-01 -2.56685e+00
4.57176e-02 9.07005e-07 7.92896e-05 1.08925e+00 7.67707e-01 6.87062e-01 1.24752e-01 -2.55987e+00
4.76225e-02 2.49462e-08 6.05096e-05 1.09168e+00 7.68596e-01 6.84935e-01 9.62003e-02 -2.55507e+00
4.95274e-02 5.56433e-10 4.37576e-05 1.09410e+00 7.69487e-01 6.83475e-01 7.68427e-02 -2.55177e+00
5.14323e-02 1.04217e-11 3.00679e-05 1.09652e+00 7.70378e-01 6.82471e-01 6.36565e-02 -2.54950e+00
5.33372e-02 1.69659e-13 1.97564e-05 1.09891e+00 7.71268e-01 6.81781e-01 5.46447e-02 -2.54794e+00
5.52421e-02 2.47868e-15 1.25249e-05 1.10130e+00 7.72156e-01 6.81306e-01 4.84716e-02 -2.54687e+00
5.71470e-02 3.32909e-17 7.73970e-06 1.10367e+00 7.73041e-01 6.80979e-01 4.42360e-02 -2.54613e+00
5.90519e-02 5.09816e-19 4.70821e-06 1.10602e+00 7.73924e-01 6.80754e-01 4.13264e-02 -2.54562e+00
6.09568e-02 -3.06886e-20 2.84435e-06 1.10835e+00 7.74804e-01 6.80599e-01 3.93256e-02 -2.54527e+00
6.28617e-02 8.01751e-20 1.71931e-06 1.11066e+00 7.75681e-01 6.80493e-01 3.79486e-02 -2.54503e+00
6.47666e-02 2.98839e-20 1.04649e-06 1.11296e+00 7.76555e-01 6.80419e-01 3.70000e-02 -2.54486e+00
6.66715e-02 -5.27865e-20 6.45384e-07 1.11524e+00 7.77425e-01 6.80368e-01 3.63460e-02 -2.54475e+00
6.85764e-02 -1.02808e-19 4.08287e-07 1.11749e+00 7.78292e-01 6.80333e-01 3.58943e-02 -2.54467e+00
7.04813e-02 -1.85375e-19 2.81745e-07 1.11973e+00 7.79156e-01 6.80309e-01 3.55819e-02 -2.54461e+00
7.23862e-02 6.99831e-21 2.78221e-07 1.12196e+00 7.80017e-01 6.80292e-01 3.53653e-02 -2.54458e+00
7.42911e-02 2.25157e-19 5.60107e-07 1.12416e+00 7.80874e-01 6.80280e-01 3.52146e-02 -2.54455e+00
7.61960e-02 -2.02340e-19 1.70269e-06 1.12635e+00 7.81728e-01 6.80272e-01 3.51092e-02 -2.54453e+00
7.81009e-02 -1.36588e-19 5.36805e-06 1.12851e+00 7.82578e-01 6.80266e-01 3.50350e-02 -2.54452e+00
8.00058e-02 4.02638e-20 1.58307e-05 1.13066e+00 7.83425e-01 6.80262e-01 3.49822e-02 -2.54451e+00
8.19107e-02 -1.65356e-19 4.30963e-05 1.13280e+00 7.84269e-01 6.80259e-01 3.49441e-02 -2.54450e+00
8.38156e-02 6.96433e-20 1.08720e-04 1.13491e+00 7.85110e-01 6.80257e-01 3.49161e-02 -2.54450e+00
8.57205e-02 -2.28937e-19 2.55797e-04 1.13701e+00 7.85947e-01 6.80256e-01 3.48950e-02 -2.54449e+00
8.76254e-02 7.54619e-20 5.64857e-04 1.13908e+00 7.86780e-01 6.80254e-01 3.48784e-02 -2.54449e+00
8.95303e-02 2.32095e-19 1.17743e-03 1.14115e+00 7.87611e-01 6.80253e-01 3.48645e-02 -2.54449e+00
9.14352e-02 -1.17730e-19 2.32872e-03 1.14319e+00 7.88437e-01 6.80252e-01 3.48517e-02 -2.54449e+00
9.33401e-02 -2.38210e-20 4.39018e-03 1.14522e+00 7.89261e-01 6.80251e-01 3.48384e-02 -2.54448e+00
9.52450e-02 -1.14232e-19 7.92102e-03 1.14722e+00 7.90080e-01 6.80250e-01 3.48227e-02 -2.54448e+00
9.71499e-02 2.32527e-20 1.37254e-02 1.14921e+00 7.90895e-01 6.80248e-01 3.48021e-02 -2.54448e+00
9.90548e-02 1.19538e-19 2.29076e-02 1.15118e+00 7.91706e-01 6.80246e-01 3.47731e-02 -2.54447e+00
1.00960e-01 -6.34045e-20 3.69096e-02 1.15313e+00 7.92511e-01 6.80243e-01 3.47313e-02 -2.54447e+00
1.02865e-01 3.36994e-20 5.75064e-02 1.15506e+00 7.93310e-01 6.80238e-01 3.46707e-02 -2.54445e+00
1.04769e-01 1.49565e-20 8.67239e-02 1.15696e+00 7.94102e-01 6.80231e-01 3.45841e-02 -2.54444e+00
1.06674e-01 3.48794e-20 1.26634e-01 1.15883e+00 7.94883e-01 6.80222e-01 3.44627e-02 -2.54442e+00
1.08579e-01 4.72253e-20 1.78996e-01 1.16067e+00 7.95653e-01 6.80209e-01 3.42967e-02 -2.54439e+00
1.10484e-01 5.10628e-20 2.44753e-01 1.16247e+00 7.96409e-01 6.80192e-01 3.40759e-02 -2.54435e+00
1.12389e-01 -4.27429e-21 3.23453e-01 1.16423e+00 7.97148e-01 6.80170e-01 3.37907e-02 -2.54430e+00
1.14294e-01 -4.61574e-21 4.12802e-01 1.16594e+00 7.97867e-01 6.80142e-01 3.34333e-02 -2.54424e+00
1.16199e-01 -7.35857e-21 5.08568e-01 1.16759e+00 7.98564e-01 6.80108e-01 3.29993e-02 -2.54416e+00
1.18104e-01 -7.26899e-21 6.05052e-01 1.16918e+00 7.99236e-01 6.80069e-01 3.24886e-02 -2.54407e+00
1.20009e-01 -6.78282e-21 6.96105e-01 1.17071e+00 7.99880e-01 6.80023e-01 3.19062e-02 -2.54397e+00
1.21914e-01 -7.27996e-21 7.76409e-01 1.17218e+00 8.00497e-01 6.79973e-01 3.12620e-02 -2.54386e+00
1.23818e-01 -8.11752e-21 8.42536e-01 1.17358e+00 8.01084e-01 6.79919e-01 3.05696e-02 -2.54373e+00
1.25723e-01 -8.06490e-21 8.93400e-01 1.17491e+00 8.01644e-01 6.79863e-01 2.98449e-02 -2.54361e+00
1.27628e-01 -5.76401e-21 9.30001e-01 1.17618e+00 8.02175e-01 6.79805e-01 2.91042e-02 -2.54348e+00
1.29533e-01 -1.59837e-22 9.54697e-01 1.17739e+00 8.02679e-01 6.79747e-01 2.83623e-02 -2.54334e+00
1.31438e-01 9.22156e-21 9.70355e-01 1.17854e+00 8.03158e-01 6.79690e-01 2.76321e-02 -2.54322e+00
1.33343e-01 2.22899e-20 9.79691e-01 1.17964e+00 8.03614e-01 6.79635e-01 2.69232e-02 -2.54309e+00
1.35248e-01 3.82449e-20 9.84906e-01 1.18068e+00 8.04046e-01 6.79582e-01 2.62425e-02 -2.54297e+00
1.37153e-01 5.50374e-20 9.87594e-01 1.18168e+00 8.04458e-01 6.79532e-01 2.55944e-02 -2.54286e+00
1.39058e-01 6.86056e-20 9.88810e-01 1.18263e+00 8.04850e-01 6.79484e-01 2.49812e-02 -2.54275e+00
1.40963e-01 7.22199e-20 9.89204e-01 1.18354e+00 8.05224e-01 6.79439e-01 2.44035e-02 -2.54265e+00
1.42867e-01 5.62208e-20 9.89152e-01 1.18441e+00 8.05580e-01 6.79396e-01 2.38610e-02 -2.54255e+00
1.44772e-01 8.35666e-21 9.88863e-01 1.18524e+00 8.05921e-01 6.79356e-01 2.33527e-02 -2.54246e+00
1.46677e-01 -8.51136e-20 9.88448e-01 1.18604e+00 8.06246e-01 6.79319e-01 2.28768e-02 -2.54238e+00
1.48582e-01 -2.37398e-19 9.87962e-01 1.18680e+00 8.06557e-01 6.79284e-01 2.24316e-02 -2.54230e+00
1.50487e-01 -4.58131e-19 9.87436e-01 1.18754e+00 8.06855e-01 6.79252e-01 2.20152e-02 -2.54222e+00
1.52392e-01 -7.49336e-19 9.86882e-01 1.18824e+00 8.07141e-01 6.79221e-01 2.16257e-02 -2.54216e+00
1.54297e-01 -1.10065e-18 9.86309e-01 1.18891e+00 8.07414e-01 6.79193e-01 2.12612e-02 -2.54209e+00
1.56202e-01 -1.48430e-18 9.85718e-01 1.18956e+00 8.07677e-01 6.79166e-01 2.09198e-02 -2.54203e+00
1.58107e-01 -1.85059e-18 9.85113e-01 1.19019e+00 8.07929e-01 6.79141e-01 2.06000e-02 -2.54197e+00
1.60012e-01 -2.12508e-18 9.84495e-01 1.19079e+00 8.08171e-01 6.79118e-01 2.03001e-02 -2.54192e+00
1.61916e-01 -2.20873e-18 9.83862e-01 1.19137e+00 8.08403e-01 6.79096e-01 2.00187e-02 -2.54187e+00
1.63821e-01 -1.98237e-18 9.83217e-01 1.19192e+00 8.08627e-01 6.79075e-01 1.97544e-02 -2.54182e+00
1.65726e-01 -1.31703e-18 9.82559e-01 1.19246e+00 8.08843e-01 6.79055e-01 1.95060e-02 -2.54178e+00
1.67631e-01 -9.07739e-20 9.81890e-01 1.19298e+00 8.09050e-01 6.79037e-01 1.92724e-02 -2.54174e+00
1.69536e-01 1.78719e-18 9.81208e-01 1.19348e+00 8.09250e-01 6.79020e-01 1.90525e-02 -2.54170e+00
1.71441e-01 4.34611e-18 9.80514e-01 1.19396e+00 8.09442e-01 6.79004e-01 1.88454e-02 -2.54166e+00
1.73346e-01 7.51879e-18 9.79809e-01 1.19443e+00 8.09628e-01 6.78988e-01 1.86501e-02 -2.54163e+00
1.75251e-01 1.11058e-17 9.79093e-01 1.19488e+00 8.09808e-01 6.78974e-01 1.84658e-02 -2.54160e+00
1.77156e-01 1.47443e-17 9.78367e-01 1.19531e+00 8.09981e-01 6.78960e-01 1.82919e-02 -2.54156e+00
1.79061e-01 1.78878e-17 9.77630e-01 1.19573e+00 8.10148e-01 6.78947e-01 1.81276e-02 -2.54154e+00
1.80965e-01 1.98051e-17 9.76883e-01 1.19614e+00 8.10309e-01 6.78935e-01 1.79723e-02 -2.54151e+00
1.82870e-01 1.96059e-17 9.76126e-01 1.19653e+00 8.10465e-01 6.78924e-01 1.78254e-02 -2.54148e+00
1.84775e-01 1.63020e-17 9.75360e-01 1.19691e+00 8.10616e-01 6.78913e-01 1.76864e-02 -2.54146e+00
1.86680e-01 8.91044e-18 9.74585e-01 1.19728e+00 8.10762e-01 6.78902e-01 1.75547e-02 -2.54143e+00
1.88585e-01 -3.40265e-18 9.73801e-01 1.19764e+00 8.10904e-01 6.78893e-01 1.74300e-02 -2.54141e+00
1.90490e-01 -2.11361e-17 9.73009e-01 1.19798e+00 8.11041e-01 6.78883e-01 1.73117e-02 -2.54139e+00
1.92395e-01 -4.42365e-17 9.72209e-01 1.19832e+00 8.11173e-01 6.78875e-01 1.71995e-02 -2.54137e+00
1.94300e-01 -7.18632e-17 9.71401e-01 1.19864e+00 8.11302e-01 6.78866e-01 1.70931e-02 -2.54135e+00
1.96205e-01 -1.02160e-16 9.70586e-01 1.19896e+00 8.11426e-01 6.78858e-01 1.69921e-02 -2.54133e+00
1.98110e-01 -1.32066e-16 9.69764e-01 1.19926e+00 8.11547e-01 6.78851e-01 1.68961e-02 -2.54132e+00
2.00014e-01 -1.57199e-16 9.68935e-01 1.19956e+00 8.11664e-01 6.78844e-01 1.68049e-02 -2.54130e+00
2.01919e-01 -1.71857e-16 9.68099e-01 1.19985e+00 8.11777e-01 6.78837e-01 1.67182e-02 -2.54129e+00
2.03824e-01 -1.69170e-16 9.67258e-01 1.20013e+00 8.11887e-01 6.78830e-01 1.66358e-02 -2.54127e+00
2.05729e-01 -1.41447e-16 9.66410e-01 1.20040e+00 8.11994e-01 6.78824e-01 1.65574e-02 -2.54126e+00
2.07634e-01 -8.07328e-17 9.65558e-01 1.20066e+00 8.12097e-01 6.78818e-01 1.64828e-02 -2.54124e+00
2.09539e-01 2.04001e-17 9.64700e-01 1.20092e+00 8.12198e-01 6.78813e-01 1.64117e-02 -2.54123e+00
2.11444e-01 1.67848e-16 9.63837e-01 1.20116e+00 8.12296e-01 6.78807e-01 1.63441e-02 -2.54122e+00
2.13349e-01 3.64784e-16 9.62969e-01 1.20140e+00 8.12391e-01 6.78802e-01 1.62797e-02 -2.54121e+00
2.15254e-01 6.10345e-16 9.62098e-01 1.20164e+00 8.12483e-01 6.78798e-01 1.62183e-02 -2.54120e+00
2.17159e-01 8.98286e-16 9.61222e-01 1.20186e+00 8.12573e-01 6.78793e-01 1.61598e-02 -2.54119e+00
2.19063e-01 1.21572e-15 9.60342e-01 1.20209e+00 8.12660e-01 6.78789e-01 1.61040e-02 -2.54118e+00
2.20968e-01 1.54213e-15 9.59459e-01 1.20230e+00 8.12744e-01 6.78784e-01 1.60509e-02 -2.54117e+00
2.22873e-01 1.84869e-15 9.58573e-01 1.20251e+00 8.12827e-01 6.78781e-01 1.60002e-02 -2.54116e+00
2.24778e-01 2.09825e-15 9.57683e-01 1.20271e+00 8.12907e-01 6.78777e-01 1.59518e-02 -2.54115e+00
2.26683e-01 2.24596e-15 9.56791e-01 1.20291e+00 8.12984e-01 6.78773e-01 1.59057e-02 -2.54114e+00
2.28588e-01 2.24079e-15 9.55897e-01 1.20310e+00 8.13060e-01 6.78770e-01 1.58616e-02 -2.54113e+00
2.30493e-01 2.02794e-15 9.55000e-01 1.20329e+00 8.13134e-01 6.78766e-01 1.58196e-02 -2.54113e+00
2.32398e-01 1.55234e-15 9.54101e-01 1.20347e+00 8.13205e-01 6.78763e-01 1.57795e-02 -2.54112e+00
2.34303e-01 7.62940e-16 9.53200e-01 1.20364e+00 8.13275e-01 6.78760e-01 1.57412e-02 -2.54111e+00
2.36208e-01 -3.81966e-16 9.52298e-01 1.20381e+00 8.13343e-01 6.78757e-01 1.57047e-02 -2.54111e+00
2.38112e-01 -1.90895e-15 9.51394e-01 1.20398e+00 8.13409e-01 6.78755e-01 1.56698e-02 -2.54110e+00
2.40017e-01 -3.82322e-15 9.50489e-01 1.20414e+00 8.13473e-01 6.78752e-01 1.56365e-02 -2.54109e+00
2.41922e-01 -6.10248e-15 9.49584e-01 1.20430e+00 8.13535e-01 6.78749e-01 1.56047e-02 -2.54109e+00
2.43827e-01 -8.69125e-15 9.48677e-01 1.20445e+00 8.13596e-01 6.78747e-01 1.55743e-02 -2.54108e+00
2.45732e-01 -1.14962e-14 9.47770e-01 1.20460e+00 8.13655e-01 6.78745e-01 1.55453e-02 -2.54108e+00
2.47637e-01 -1.43833e-14 9.46862e-01 1.20475e+00 8.13713e-01 6.78743e-01 1.55176e-02 -2.54107e+00
2.49542e-01 -1.71763e-14 9.45955e-01 1.20489e+00 8.13769e-01 6.78741e-01 1.54911e-02 -2.54107e+00
2.51447e-01 -1.96588e-14 9.45047e-01 1.20502e+00 8.13824e-01 6.78739e-01 1.54659e-02 -2.54106e+00
2.53352e-01 -2.15789e-14 9.44139e-01 1.20516e+00 8.13877e-01 6.78737e-01 1.54418e-02 -2.54106e+00
2.55257e-01 -2.26566e-14 9.43232e-01 1.20529e+00 8.13928e-01 6.78735e-01 1.54187e-02 -2.54105e+00
2.57161e-01 -2.25957e-14 9.42325e-01 1.20541e+00 8.13979e-01 6.78733e-01 1.53967e-02 -2.54105e+00
2.59066e-01 -2.10982e-14 9.41419e-01 1.20553e+00 8.14028e-01 6.78731e-01 1.53757e-02 -2.54105e+00
2.60971e-01 -1.78824e-14 9.40513e-01 1.20565e+00 8.14075e-01 6.78730e-01 1.53557e-02 -2.54104e+00
2.62876e-01 -1.27033e-14 9.39609e-01 1.20577e+00 8.14122e-01 6.78728e-01 1.53366e-02 -2.54104e+00
2.64781e-01 -5.37512e-15 9.38705e-01 1.20588e+00 8.14167e-01 6.78727e-01 1.53183e-02 -2.54104e+00
2.66686e-01 4.20510e-15 9.37803e-01 1.20599e+00 8.14211e-01 6.78726e-01 1.53009e-02 -2.54103e+00
2.68591e-01 1.60342e-14 9.36902e-01 1.20610e+00 8.14253e-01 6.78724e-01 1.52843e-02 -2.54103e+00
2.70496e-01 2.99806e-14 9.36002e-01 1.20620e+00 8.14295e-01 6.78723e-01 1.52685e-02 -2.54103e+00
2.72401e-01 4.57648e-14 9.35104e-01 1.20630e+00 8.14335e-01 6.78722e-01 1.52533e-02 -2.54103e+00
2.74306e-01 6.29439e-14 9.34208e-01 1.20640e+00 8.14375e-01 6.78721e-01 1.52389e-02 -2.54102e+00
2.76210e-01 8.09009e-14 9.33313e-01 1.20649e+00 8.14413e-01 6.78720e-01 1.52252e-02 -2.54102e+00
2.78115e-01 9.88414e-14 9.32420e-01 1.20658e+00 8.14450e-01 6.78719e-01 1.52121e-02 -2.54102e+00
2.80020e-01 1.15796e-13 9.31530e-01 1.20667e+00 8.14486e-01 6.78718e-01 1.51997e-02 -2.54102e+00
2.81925e-01 1.30632e-13 9.30641e-01 1.20676e+00 8.14521e-01 6.78717e-01 1.51878e-02 -2.54101e+00
2.83830e-01 1.42071e-13 9.29755e-01 1.20684e+00 8.14556e-01 6.78716e-01 1.51765e-02 -2.54101e+00
2.85735e-01 1.48719e-13 9.28871e-01 1.20692e+00 8.14589e-01 6.78715e-01 1.51658e-02 -2.54101e+00
2.87640e-01 1.49097e-13 9.27989e-01 1.20700e+00 8.14621e-01 6.78714e-01 1.51556e-02 -2.54101e+00
2.89545e-01 1.41681e-13 9.27110e-01 1.20708e+00 8.14652e-01 6.78713e-01 1.51459e-02 -2.54101e+00
2.91450e-01 1.24954e-13 9.26233e-01 1.20715e+00 8.14682e-01 6.78713e-01 1.51366e-02 -2.54100e+00
2.93355e-01 9.74443e-14 9.25359e-01 1.20722e+00 8.14712e-01 6.78712e-01 1.51279e-02 -2.54100e+00
2.95259e-01 5.77815e-14 9.24488e-01 1.20729e+00 8.14740e-01 6.78711e-01 1.51196e-02 -2.54100e+00
2.97164e-01 4.74111e-15 9.23619e-01 1.20736e+00 8.14768e-01 6.78711e-01 1.51117e-02 -2.54100e+00
2.99069e-01 -6.27112e-14 9.22753e-01 1.20743e+00 8.14795e-01 6.78710e-01 1.51042e-02 -2.54100e+00
3.00974e-01 -1.45382e-13 9.21890e-01 1.20749e+00 8.14821e-01 6.78710e-01 1.50971e-02 -2.54100e+00
3.02879e-01 -2.43820e-13 9.21030e-01 1.20755e+00 8.14846e-01 6.78709e-01 1.50904e-02 -2.54100e+00
3.04784e-01 -3.58298e-13 9.20172e-01 1.20761e+00 8.14870e-01 6.78709e-01 1.50841e-02 -2.54100e+00
3.06689e-01 -4.88800e-13 9.19318e-01 1.20767e+00 8.14894e-01 6.78708e-01 1.50781e-02 -2.54099e+00
3.08594e-01 -6.35027e-13 9.18466e-01 1.20772e+00 8.14917e-01 6.78708e-01 1.50725e-02 -2.54099e+00
3.10499e-01 -7.96410e-13 9.17617e-01 1.20777e+00 8.14939e-01 6.78707e-01 1.50671e-02 -2.54099e+00
3.12404e-01 -9.72131e-13 9.16770e-01 1.20782e+00 8.14960e-01 6.78707e-01 1.50621e-02 -2.54099e+00
3.14308e-01 -1.16116e-12 9.15926e-01 1.20787e+00 8.14981e-01 6.78706e-01 1.50574e-02 -2.54099e+00
3.16213e-01 -1.36230e-12 9.15085e-01 1.20792e+00 8.15000e-01 6.78706e-01 1.50529e-02 -2.54099e+00
3.18118e-01 -1.57423e-12 9.14246e-01 1.20797e+00 8.15020e-01 6.78706e-01 1.50487e-02 -2.54099e+00
3.20023e-01 -1.79553e-12 9.13409e-01 1.20801e+00 8.15038e-01 6.78705e-01 1.50448e-02 -2.54099e+00
3.21928e-01 -2.02479e-12 9.12575e-01 1.20805e+00 8.15056e-01 6.78705e-01 1.50411e-02 -2.54099e+00
3.23833e-01 -2.26059e-12 9.11743e-01 1.20809e+00 8.15073e-01 6.78705e-01 1.50377e-02 -2.54099e+00
3.25738e-01 -2.50160e-12 9.10912e-01 1.20813e+00 8.15089e-01 6.78705e-01 1.50345e-02 -2.54099e+00
3.27643e-01 -2.74655e-12 9.10084e-01 1.20817e+00 8.15104e-01 6.78704e-01 1.50315e-02 -2.54099e+00
3.29548e-01 -2.99434e-12 9.09257e-01 1.20820e+00 8.15119e-01 6.78704e-01 1.50287e-02 -2.54099e+00
3.31453e-01 -3.24398e-12 9.08431e-01 1.20824e+00 8.15134e-01 6.78704e-01 1.50261e-02 -2.54099e+00
3.33357e-01 -3.49466e-12 9.07607e-01 1.20827e+00 8.15147e-01 6.78704e-01 1.50237e-02 -2.54098e+00
3.35262e-01 -3.74572e-12 9.06784e-01 1.20830e+00 8.15160e-01 6.78704e-01 1.50215e-02 -2.54098e+00
3.37167e-01 -3.99665e-12 9.05961e-01 1.20833e+00 8.15173e-01 6.78704e-01 1.50195e-02 -2.54098e+00
3.39072e-01 -4.24708e-12 9.05140e-01 1.20836e+00 8.15185e-01 6.78703e-01 1.50176e-02 -2.54098e+00
3.40977e-01 -4.49678e-12 9.04319e-01 1.20838e+00 8.15196e-01 6.78703e-01 1.50159e-02 -2.54098e+00
3.42882e-01 -4.74561e-12 9.03499e-01 1.20841e+00 8.15206e-01 6.78703e-01 1.50143e-02 -2.54098e+00
3.44787e-01 -4.99353e-12 9.02679e-01 1.20843e+00 8.15216e-01 6.78703e-01 1.50129e-02 -2.54098e+00
3.46692e-01 -5.24056e-12 9.01860e-01 1.20845e+00 8.15226e-01 6.78703e-01 1.50116e-02 -2.54098e+00
3.48597e-01 -5.48676e-12 9.01041e-01 1.20847e+00 8.15234e-01 6.78703e-01 1.50104e-02 -2.54098e+00
3.50502e-01 -5.73222e-12 9.00222e-01 1.20849e+00 8.15243e-01 6.78703e-01 1.50093e-02 -2.54098e+00
3.52406e-01 -5.97706e-12 8.99403e-01 1.20851e+00 8.15250e-01 6.78703e-01 1.50084e-02 -2.54098e+00
3.54311e-01 -6.22139e-12 8.98584e-01 1.20852e+00 8.15257e-01 6.78703e-01 1.50076e-02 -2.54098e+00
3.56216e-01 -6.46532e-12 8.97765e-01 1.20854e+00 8.15264e-01 6.78703e-01 1.50068e-02 -2.54098e+00
3.58121e-01 -6.70894e-12 8.96946e-01 1.20855e+00 8.15270e-01 6.78702e-01 1.50062e-02 -2.54098e+00
3.60026e-01 -6.95234e-12 8.96126e-01 1.20856e+00 8.15275e-01 6.78702e-01 1.50056e-02 -2.54098e+00
3.61931e-01 -7.19559e-12 8.95307e-01 1.20857e+00 8.15280e-01 6.78702e-01 1.50052e-02 -2.54098e+00
3.63836e-01 -7.43874e-12 8.94487e-01 1.20858e+00 8.15284e-01 6.78702e-01 1.50048e-02 -2.54098e+00
3.65741e-01 -7.68183e-12 8.93668e-01 1.20859e+00 8.15288e-01 6.78702e-01 1.50044e-02 -2.54098e+00
3.67646e-01 -7.92488e-12 8.92848e-01 1.20860e+00 8.15291e-01 6.78702e-01 1.50042e-02 -2.54098e+00
3.69551e-01 -8.16792e-12 8.92028e-01 1.20861e+00 8.15294e-01 6.78702e-01 1.50040e-02 -2.54098e+00
3.71455e-01 -8.41095e-12 8.91207e-01 1.20861e+00 8.15296e-01 6.78702e-01 1.50038e-02 -2.54098e+00
3.73360e-01 -8.65399e-12 8.90387e-01 1.20861e+00 8.15297e-01 6.78702e-01 1.50037e-02 -2.54098e+00
3.75265e-01 -8.89703e-12 8.89566e-01 1.20862e+00 8.15298e-01 6.78702e-01 1.50036e-02 -2.54098e+00
3.77170e-01 -9.14008e-12 8.88745e-01 1.20862e+00 8.15299e-01 6.78702e-01 1.50036e-02 -2.54098e+00
3.79075e-01 -9.38314e-12 8.87923e-01 1.20862e+00 8.15299e-01 6.78702e-01 1.50036e-02 -2.54098e+00
