# x AR CA ca co phi u v
0.00000e+00 6.00000e-01 3.00000e-01 4.99135e-01 4.99135e-01 7.40000e-01 1.00000e+00 -2.67534e+00
1.90490e-03 6.84660e-01 2.01230e-01 5.66497e-01 5.30510e-01 7.63109e-01 1.50296e+00 -2.72017e+00
3.80980e-03 7.30185e-01 1.48118e-01 6.22683e-01 5.56663e-01 7.75600e-01 1.81276e+00 -2.74179e+00
5.71470e-03 7.57895e-01 1.15789e-01 6.72848e-01 5.80036e-01 7.82298e-01 1.99101e+00 -2.75240e+00
7.61960e-03 7.75970e-01 9.47016e-02 7.19412e-01 6.01775e-01 7.85744e-01 2.08622e+00 -2.75756e+00
9.52450e-03 7.88237e-01 8.03897e-02 7.63665e-01 6.22491e-01 7.87353e-01 2.13150e+00 -2.75989e+00
1.14294e-02 7.96739e-01 7.04714e-02 8.06351e-01 6.42535e-01 7.87937e-01 2.14806e+00 -2.76072e+00
1.33343e-02 8.02668e-01 6.35538e-02 8.47925e-01 6.62125e-01 7.87971e-01 2.14905e+00 -2.76077e+00
1.52392e-02 8.06775e-01 5.87622e-02 8.88674e-01 6.81396e-01 7.87736e-01 2.14236e+00 -2.76044e+00
1.71441e-02 8.09560e-01 5.55133e-02 9.28790e-01 7.00439e-01 7.87392e-01 2.13260e+00 -2.75994e+00
1.90490e-02 8.11375e-01 5.33955e-02 9.68398e-01 7.19314e-01 7.87030e-01 2.12237e+00 -2.75942e+00
2.09539e-02 8.12485e-01 5.21006e-02 1.00759e+00 7.38062e-01 7.86698e-01 2.11300e+00 -2.75894e+00
2.28588e-02 8.13098e-01 5.13861e-02 1.04641e+00 7.56711e-01 7.86417e-01 2.10510e+00 -2.75854e+00
2.47637e-02 8.13382e-01 5.10539e-02 1.08491e+00 7.75279e-01 7.86194e-01 2.09882e+00 -2.75821e+00
2.66686e-02 8.13478e-01 5.09422e-02 1.12311e+00 7.93776e-01 7.86024e-01 2.09407e+00 -2.75797e+00
2.85735e-02 8.13491e-01 5.09270e-02 1.16103e+00 8.12207e-01 7.85901e-01 2.09061e+00 -2.75779e+00
3.04784e-02 8.13488e-01 5.09309e-02 1.19866e+00 8.30574e-01 7.85813e-01 2.08815e+00 -2.75766e+00
3.23833e-02 8.13474e-01 5.09474e-02 1.23600e+00 8.48877e-01 7.85751e-01 2.08642e+00 -2.75757e+00
3.42882e-02 8.13382e-01 5.10543e-02 1.27307e+00 8.67113e-01 7.85707e-01 2.08519e+00 -2.75750e+00
3.61931e-02 8.13083e-01 5.14030e-02 1.30985e+00 8.85287e-01 7.85680e-01 2.08442e+00 -2.75746e+00
3.80980e-02 7.75182e-01 6.27319e-02 1.34638e+00 9.03406e-01 7.85672e-01 2.08422e+00 -2.75745e+00
4.00029e-02 7.43031e-01 7.34396e-02 1.37171e+00 9.16109e-01 7.80046e-01 1.93009e+00 -2.74892e+00
4.19078e-02 7.13245e-01 8.48603e-02 1.38959e+00 9.25221e-01 7.72332e-01 1.72893e+00 -2.73635e+00
4.38127e-02 6.83594e-01 9.81052e-02 1.40203e+00 9.31709e-01 7.64262e-01 1.53038e+00 -2.72226e+00
4.57176e-02 6.52299e-01 1.14267e-01 1.41022e+00 9.36148e-01 7.56642e-01 1.35347e+00 -2.70818e+00
4.76225e-02 6.17741e-01 1.34502e-01 1.41496e+00 9.38916e-01 7.49795e-01 1.20276e+00 -2.69498e+00
4.95274e-02 5.78371e-01 1.60038e-01 1.41678e+00 9.40271e-01 7.43791e-01 1.07674e+00 -2.68304e+00
5.14323e-02 5.32760e-01 1.92105e-01 1.41608e+00 9.40401e-01 7.38584e-01 9.71875e-01 -2.67243e+00
5.33372e-02 4.79806e-01 2.31747e-01 1.41317e+00 9.39450e-01 7.34082e-01 8.84410e-01 -2.66309e+00
5.52421e-02 4.19144e-01 2.79482e-01 1.40830e+00 9.37540e-01 7.30188e-01 8.11062e-01 -2.65491e+00
5.71470e-02 3.51746e-01 3.34790e-01 1.40173e+00 9.34783e-01 7.26820e-01 7.49294e-01 -2.64775e+00
5.90519e-02 2.80506e-01 3.95581e-01 1.39370e+00 9.31303e-01 7.23924e-01 6.97380e-01 -2.64155e+00
6.09568e-02 2.10323e-01 4.58004e-01 1.38452e+00 9.27246e-01 7.21476e-01 6.54361e-01 -2.63627e+00
6.28617e-02 1.47063e-01 5.17121e-01 1.37457e+00 9.22789e-01 7.19481e-01 6.19877e-01 -2.63195e+00
6.47666e-02 9.55502e-02 5.68447e-01 1.36424e+00 9.18127e-01 7.17956e-01 5.93854e-01 -2.62863e+00
6.66715e-02 5.77925e-02 6.09489e-01 1.35393e+00 9.13455e-01 7.16907e-01 5.76128e-01 -2.62635e+00
6.85764e-02 3.27484e-02 6.40199e-01 1.34398e+00 9.08935e-01 7.16313e-01 5.66144e-01 -2.62505e+00
7.04813e-02 1.75410e-02 6.62232e-01 1.33461e+00 9.04683e-01 7.16118e-01 5.62875e-01 -2.62462e+00
7.23862e-02 8.96576e-03 6.77815e-01 1.32597e+00 9.00759e-01 7.16243e-01 5.64961e-01 -2.62489e+00
7.42911e-02 4.41122e-03 6.88960e-01 1.31807e+00 8.97182e-01 7.16599e-01 5.70941e-01 -2.62567e+00
7.61960e-02 2.10393e-03 6.97161e-01 1.31089e+00 8.93943e-01 7.17105e-01 5.79459e-01 -2.62678e+00
7.81009e-02 9.77615e-04 7.03418e-01 1.30439e+00 8.91015e-01 7.17693e-01 5.89396e-01 -2.62806e+00
8.00058e-02 4.43901e-04 7.08360e-01 1.29849e+00 8.88368e-01 7.18312e-01 5.99904e-01 -2.62941e+00
8.19107e-02 1.97286e-04 7.12380e-01 1.29312e+00 8.85968e-01 7.18927e-01 6.10393e-01 -2.63075e+00
8.38156e-02 8.59227e-05 7.15725e-01 1.28823e+00 8.83788e-01 7.19516e-01 6.20483e-01 -2.63203e+00
8.57205e-02 3.67404e-05 7.18556e-01 1.28375e+00 8.81798e-01 7.20067e-01 6.29955e-01 -2.63322e+00
8.76254e-02 1.54893e-05 7.20984e-01 1.27964e+00 8.79978e-01 7.20573e-01 6.38701e-01 -2.63432e+00
8.95303e-02 6.49301e-06 7.23087e-01 1.27585e+00 8.78306e-01 7.21034e-01 6.46687e-01 -2.63532e+00
9.14352e-02 2.74599e-06 7.24924e-01 1.27235e+00 8.76766e-01 7.21451e-01 6.53925e-01 -2.63622e+00
9.33401e-02 1.19545e-06 7.26539e-01 1.26910e+00 8.75343e-01 7.21825e-01 6.60458e-01 -2.63703e+00
9.52450e-02 5.46483e-07 7.27969e-01 1.26608e+00 8.74024e-01 7.22162e-01 6.66338e-01 -2.63775e+00
9.71499e-02 2.64597e-07 7.29240e-01 1.26327e+00 8.72798e-01 7.22463e-01 6.71625e-01 -2.63840e+00
9.90548e-02 1.34288e-07 7.30376e-01 1.26064e+00 8.71657e-01 7.22734e-01 6.76379e-01 -2.63899e+00
1.00960e-01 6.96085e-08 7.31396e-01 1.25818e+00 8.70591e-01 7.22977e-01 6.80658e-01 -2.63951e+00
1.02865e-01 3.56994e-08 7.32316e-01 1.25588e+00 8.69594e-01 7.23196e-01 6.84514e-01 -2.63998e+00
1.04769e-01 1.75325e-08 7.33148e-01 1.25371e+00 8.68659e-01 7.23393e-01 6.87994e-01 -2.64041e+00
1.06674e-01 7.93113e-09 7.33903e-01 1.25166e+00 8.67781e-01 7.23571e-01 6.91142e-01 -2.64079e+00
1.08579e-01 3.08221e-09 7.34591e-01 1.24974e+00 8.66954e-01 7.23733e-01 6.93996e-01 -2.64114e+00
1.10484e-01 8.20442e-10 7.35219e-01 1.24791e+00 8.66176e-01 7.23879e-01 6.96587e-01 -2.64145e+00
1.12389e-01 -1.00989e-10 7.35795e-01 1.24619e+00 8.65440e-01 7.24012e-01 6.98947e-01 -2.64174e+00
1.14294e-01 -2.01695e-10 7.36324e-01 1.24456e+00 8.64745e-01 7.24133e-01 7.01100e-01 -2.64200e+00
1.16199e-01 -2.95240e-10 7.36811e-01 1.24301e+00 8.64087e-01 7.24244e-01 7.03068e-01 -2.64224e+00
1.18104e-01 -3.82046e-10 7.37260e-01 1.24153e+00 8.63463e-01 7.24346e-01 7.04872e-01 -2.64245e+00
1.20009e-01 -4.62529e-10 7.37676e-01 1.24013e+00 8.62870e-01 7.24439e-01 7.06528e-01 -2.64265e+00
1.21914e-01 -5.37099e-10 7.38062e-01 1.23880e+00 8.62307e-01 7.24524e-01 7.08051e-01 -2.64284e+00
1.23818e-01 -6.06162e-10 7.38421e-01 1.23753e+00 8.61771e-01 7.24603e-01 7.09455e-01 -2.64301e+00
1.25723e-01 -6.70116e-10 7.38754e-01 1.23631e+00 8.61261e-01 7.24676e-01 7.10752e-01 -2.64316e+00
1.27628e-01 -7.29356e-10 7.39066e-01 1.23515e+00 8.60774e-01 7.24743e-01 7.11951e-01 -2.64331e+00
1.29533e-01 -7.84269e-10 7.39356e-01 1.23404e+00 8.60309e-01 7.24805e-01 7.13062e-01 -2.64344e+00
1.31438e-01 -8.35234e-10 7.39629e-01 1.23298e+00 8.59865e-01 7.24863e-01 7.14094e-01 -2.64357e+00
1.33343e-01 -8.82624e-10 7.39884e-01 1.23197e+00 8.59440e-01 7.24917e-01 7.15052e-01 -2.64368e+00
1.35248e-01 -9.26804e-10 7.40123e-01 1.23099e+00 8.59034e-01 7.24967e-01 7.15944e-01 -2.64379e+00
1.37153e-01 -9.68126e-10 7.40349e-01 1.23006e+00 8.58644e-01 7.25013e-01 7.16775e-01 -2.64389e+00
1.39058e-01 -1.00694e-09 7.40561e-01 1.22916e+00 8.58271e-01 7.25056e-01 7.17551e-01 -2.64398e+00
1.40963e-01 -1.04357e-09 7.40761e-01 1.22830e+00 8.57913e-01 7.25097e-01 7.18275e-01 -2.64407e+00
1.42867e-01 -1.07835e-09 7.40950e-01 1.22747e+00 8.57569e-01 7.25135e-01 7.18953e-01 -2.64415e+00
1.44772e-01 -1.11159e-09 7.41129e-01 1.22667e+00 8.57238e-01 7.25170e-01 7.19588e-01 -2.64422e+00
1.46677e-01 -1.14358e-09 7.41298e-01 1.22590e+00 8.56920e-01 7.25204e-01 7.20183e-01 -2.64430e+00
1.48582e-01 -1.17462e-09 7.41458e-01 1.22517e+00 8.56614e-01 7.25235e-01 7.20742e-01 -2.64436e+00
1.50487e-01 -1.20497e-09 7.41611e-01 1.22445e+00 8.56320e-01 7.25264e-01 7.21266e-01 -2.64443e+00
1.52392e-01 -1.23490e-09 7.41755e-01 1.22377e+00 8.56036e-01 7.25292e-01 7.21759e-01 -2.64448e+00
1.54297e-01 -1.26465e-09 7.41893e-01 1.22310e+00 8.55763e-01 7.25318e-01 7.22224e-01 -2.64454e+00
1.56202e-01 -1.29445e-09 7.42024e-01 1.22246e+00 8.55499e-01 7.25342e-01 7.22661e-01 -2.64459e+00
1.58107e-01 -1.32452e-09 7.42149e-01 1.22185e+00 8.55244e-01 7.25365e-01 7.23073e-01 -2.64464e+00
1.60012e-01 -1.35505e-09 7.42268e-01 1.22125e+00 8.54999e-01 7.25387e-01 7.23462e-01 -2.64469e+00
1.61916e-01 -1.38624e-09 7.42382e-01 1.22067e+00 8.54761e-01 7.25407e-01 7.23829e-01 -2.64473e+00
1.63821e-01 -1.41826e-09 7.42491e-01 1.22012e+00 8.54532e-01 7.25427e-01 7.24176e-01 -2.64477e+00
1.65726e-01 -1.45125e-09 7.42596e-01 1.21958e+00 8.54310e-01 7.25445e-01 7.24504e-01 -2.64481e+00
1.67631e-01 -1.48536e-09 7.42696e-01 1.21906e+00 8.54095e-01 7.25462e-01 7.24815e-01 -2.64485e+00
1.69536e-01 -1.52072e-09 7.42792e-01 1.21855e+00 8.53888e-01 7.25479e-01 7.25109e-01 -2.64488e+00
1.71441e-01 -1.55743e-09 7.42884e-01 1.21806e+00 8.53687e-01 7.25494e-01 7.25387e-01 -2.64492e+00
1.73346e-01 -1.59559e-09 7.42972e-01 1.21759e+00 8.53492e-01 7.25509e-01 7.25651e-01 -2.64495e+00
1.75251e-01 -1.63528e-09 7.43058e-01 1.21713e+00 8.53303e-01 7.25523e-01 7.25901e-01 -2.64498e+00
1.77156e-01 -1.67656e-09 7.43140e-01 1.21668e+00 8.53120e-01 7.25536e-01 7.26139e-01 -2.64501e+00
1.79061e-01 -1.71948e-09 7.43219e-01 1.21625e+00 8.52943e-01 7.25549e-01 7.26364e-01 -2.64503e+00
1.80965e-01 -1.76408e-09 7.43295e-01 1.21583e+00 8.52771e-01 7.25560e-01 7.26578e-01 -2.64506e+00
1.82870e-01 -1.81038e-09 7.43368e-01 1.21543e+00 8.52604e-01 7.25572e-01 7.26782e-01 -2.64508e+00
1.84775e-01 -1.85838e-09 7.43439e-01 1.21504e+00 8.52442e-01 7.25583e-01 7.26975e-01 -2.64511e+00
1.86680e-01 -1.90809e-09 7.43508e-01 1.21465e+00 8.52285e-01 7.25593e-01 7.27160e-01 -2.64513e+00
1.88585e-01 -1.95948e-09 7.43574e-01 1.21428e+00 8.52132e-01 7.25603e-01 7.27335e-01 -2.64515e+00
1.90490e-01 -2.01253e-09 7.43638e-01 1.21392e+00 8.51984e-01 7.25612e-01 7.27502e-01 -2.64517e+00
1.92395e-01 -2.06719e-09 7.43700e-01 1.21357e+00 8.51840e-01 7.25621e-01 7.27660e-01 -2.64519e+00
1.94300e-01 -2.12341e-09 7.43761e-01 1.21323e+00 8.51700e-01 7.25629e-01 7.27812e-01 -2.64521e+00
1.96205e-01 -2.18113e-09 7.43819e-01 1.21290e+00 8.51564e-01 7.25637e-01 7.27956e-01 -2.64522e+00
1.98110e-01 -2.24026e-09 7.43876e-01 1.21258e+00 8.51432e-01 7.25645e-01 7.28093e-01 -2.64524e+00
2.00014e-01 -2.30072e-09 7.43931e-01 1.21227e+00 8.51303e-01 7.25652e-01 7.28224e-01 -2.64526e+00
2.01919e-01 -2.36242e-09 7.43985e-01 1.21197e+00 8.51178e-01 7.25659e-01 7.28349e-01 -2.64527e+00
2.03824e-01 -2.42525e-09 7.44037e-01 1.21167e+00 8.51056e-01 7.25666e-01 7.28469e-01 -2.64529e+00
2.05729e-01 -2.48911e-09 7.44088e-01 1.21138e+00 8.50937e-01 7.25672e-01 7.28583e-01 -2.64530e+00
2.07634e-01 -2.55386e-09 7.44137e-01 1.21111e+00 8.50822e-01 7.25678e-01 7.28691e-01 -2.64531e+00
2.09539e-01 -2.61939e-09 7.44185e-01 1.21083e+00 8.50709e-01 7.25684e-01 7.28795e-01 -2.64532e+00
2.11444e-01 -2.68556e-09 7.44232e-01 1.21057e+00 8.50600e-01 7.25689e-01 7.28894e-01 -2.64534e+00
2.13349e-01 -2.75222e-09 7.44278e-01 1.21031e+00 8.50494e-01 7.25695e-01 7.28989e-01 -2.64535e+00
2.15254e-01 -2.81923e-09 7.44323e-01 1.21006e+00 8.50390e-01 7.25700e-01 7.29079e-01 -2.64536e+00
2.17159e-01 -2.88645e-09 7.44366e-01 1.20982e+00 8.50289e-01 7.25705e-01 7.29166e-01 -2.64537e+00
2.19063e-01 -2.95371e-09 7.44409e-01 1.20958e+00 8.50190e-01 7.25709e-01 7.29249e-01 -2.64538e+00
2.20968e-01 -3.02085e-09 7.44451e-01 1.20935e+00 8.50094e-01 7.25714e-01 7.29328e-01 -2.64539e+00
2.22873e-01 -3.08771e-09 7.44492e-01 1.20913e+00 8.50001e-01 7.25718e-01 7.29403e-01 -2.64540e+00
2.24778e-01 -3.15413e-09 7.44532e-01 1.20891e+00 8.49910e-01 7.25722e-01 7.29475e-01 -2.64541e+00
2.26683e-01 -3.21993e-09 7.44571e-01 1.20870e+00 8.49821e-01 7.25726e-01 7.29544e-01 -2.64541e+00
2.28588e-01 -3.28496e-09 7.44610e-01 1.20849e+00 8.49735e-01 7.25729e-01 7.29610e-01 -2.64542e+00
2.30493e-01 -3.34902e-09 7.44647e-01 1.20829e+00 8.49650e-01 7.25733e-01 7.29673e-01 -2.64543e+00
2.32398e-01 -3.41196e-09 7.44684e-01 1.20810e+00 8.49568e-01 7.25736e-01 7.29734e-01 -2.64544e+00
2.34303e-01 -3.47361e-09 7.44720e-01 1.20791e+00 8.49488e-01 7.25739e-01 7.29792e-01 -2.64544e+00
2.36208e-01 -3.53378e-09 7.44756e-01 1.20772e+00 8.49410e-01 7.25742e-01 7.29847e-01 -2.64545e+00
2.38112e-01 -3.59232e-09 7.44791e-01 1.20754e+00 8.49334e-01 7.25745e-01 7.29900e-01 -2.64546e+00
2.40017e-01 -3.64905e-09 7.44825e-01 1.20736e+00 8.49259e-01 7.25748e-01 7.29950e-01 -2.64546e+00
2.41922e-01 -3.70380e-09 7.44859e-01 1.20719e+00 8.49187e-01 7.25751e-01 7.29999e-01 -2.64547e+00
2.43827e-01 -3.75640e-09 7.44893e-01 1.20702e+00 8.49116e-01 7.25753e-01 7.30045e-01 -2.64547e+00
2.45732e-01 -3.80671e-09 7.44925e-01 1.20686e+00 8.49047e-01 7.25756e-01 7.30089e-01 -2.64548e+00
2.47637e-01 -3.85455e-09 7.44957e-01 1.20670e+00 8.48980e-01 7.25758e-01 7.30131e-01 -2.64548e+00
2.49542e-01 -3.89977e-09 7.44989e-01 1.20655e+00 8.48915e-01 7.25761e-01 7.30172e-01 -2.64549e+00
2.51447e-01 -3.94221e-09 7.45020e-01 1.20640e+00 8.48851e-01 7.25763e-01 7.30210e-01 -2.64549e+00
2.53352e-01 -3.98174e-09 7.45051e-01 1.20625e+00 8.48789e-01 7.25765e-01 7.30247e-01 -2.64550e+00
2.55257e-01 -4.01821e-09 7.45082e-01 1.20611e+00 8.48728e-01 7.25767e-01 7.30283e-01 -2.64550e+00
2.57161e-01 -4.05148e-09 7.45112e-01 1.20597e+00 8.48669e-01 7.25769e-01 7.30316e-01 -2.64551e+00
2.59066e-01 -4.08141e-09 7.45141e-01 1.20584e+00 8.48611e-01 7.25770e-01 7.30349e-01 -2.64551e+00
2.60971e-01 -4.10788e-09 7.45171e-01 1.20571e+00 8.48555e-01 7.25772e-01 7.30380e-01 -2.64551e+00
2.62876e-01 -4.13077e-09 7.45199e-01 1.20558e+00 8.48500e-01 7.25774e-01 7.30409e-01 -2.64552e+00
2.64781e-01 -4.14997e-09 7.45228e-01 1.20546e+00 8.48447e-01 7.25775e-01 7.30437e-01 -2.64552e+00
2.66686e-01 -4.16536e-09 7.45256e-01 1.20534e+00 8.48395e-01 7.25777e-01 7.30464e-01 -2.64552e+00
2.68591e-01 -4.17684e-09 7.45284e-01 1.20522e+00 8.48344e-01 7.25778e-01 7.30490e-01 -2.64553e+00
2.70496e-01 -4.18432e-09 7.45311e-01 1.20510e+00 8.48295e-01 7.25780e-01 7.30514e-01 -2.64553e+00
2.72401e-01 -4.18771e-09 7.45339e-01 1.20499e+00 8.48247e-01 7.25781e-01 7.30537e-01 -2.64553e+00
2.74306e-01 -4.18692e-09 7.45366e-01 1.20489e+00 8.48200e-01 7.25782e-01 7.30560e-01 -2.64553e+00
2.76210e-01 -4.18189e-09 7.45392e-01 1.20478e+00 8.48155e-01 7.25783e-01 7.30581e-01 -2.64554e+00
2.78115e-01 -4.17255e-09 7.45419e-01 1.20468e+00 8.48110e-01 7.25784e-01 7.30601e-01 -2.64554e+00
2.80020e-01 -4.15884e-09 7.45445e-01 1.20458e+00 8.48067e-01 7.25786e-01 7.30620e-01 -2.64554e+00
2.81925e-01 -4.14070e-09 7.45471e-01 1.20448e+00 8.48025e-01 7.25787e-01 7.30639e-01 -2.64554e+00
2.83830e-01 -4.11811e-09 7.45496e-01 1.20439e+00 8.47984e-01 7.25788e-01 7.30656e-01 -2.64555e+00
2.85735e-01 -4.09102e-09 7.45522e-01 1.20430e+00 8.47944e-01 7.25788e-01 7.30673e-01 -2.64555e+00
2.87640e-01 -4.05940e-09 7.45547e-01 1.20421e+00 8.47906e-01 7.25789e-01 7.30689e-01 -2.64555e+00
2.89545e-01 -4.02323e-09 7.45572e-01 1.20413e+00 8.47868e-01 7.25790e-01 7.30704e-01 -2.64555e+00
2.91450e-01 -3.98252e-09 7.45597e-01 1.20404e+00 8.47832e-01 7.25791e-01 7.30718e-01 -2.64555e+00
2.93355e-01 -3.93724e-09 7.45622e-01 1.20396e+00 8.47796e-01 7.25792e-01 7.30731e-01 -2.64555e+00
2.95259e-01 -3.88741e-09 7.45646e-01 1.20389e+00 8.47762e-01 7.25792e-01 7.30744e-01 -2.64556e+00
2.97164e-01 -3.83305e-09 7.45670e-01 1.20381e+00 8.47728e-01 7.25793e-01 7.30756e-01 -2.64556e+00
2.99069e-01 -3.77416e-09 7.45694e-01 1.20374e+00 8.47696e-01 7.25794e-01 7.30768e-01 -2.64556e+00
3.00974e-01 -3.71079e-09 7.45718e-01 1.20367e+00 8.47664e-01 7.25794e-01 7.30779e-01 -2.64556e+00
3.02879e-01 -3.64296e-09 7.45742e-01 1.20360e+00 8.47634e-01 7.25795e-01 7.30789e-01 -2.64556e+00
3.04784e-01 -3.57073e-09 7.45766e-01 1.20353e+00 8.47604e-01 7.25795e-01 7.30799e-01 -2.64556e+00
3.06689e-01 -3.49414e-09 7.45789e-01 1.20347e+00 8.47576e-01 7.25796e-01 7.30808e-01 -2.64556e+00
3.08594e-01 -3.41326e-09 7.45813e-01 1.20341e+00 8.47548e-01 7.25796e-01 7.30817e-01 -2.64556e+00
3.10499e-01 -3.32815e-09 7.45836e-01 1.20335e+00 8.47521e-01 7.25797e-01 7.30825e-01 -2.64557e+00
3.12404e-01 -3.23889e-09 7.45859e-01 1.20329e+00 8.47495e-01 7.25797e-01 7.30832e-01 -2.64557e+00
3.14308e-01 -3.14555e-09 7.45882e-01 1.20324e+00 8.47470e-01 7.25798e-01 7.30840e-01 -2.64557e+00
3.16213e-01 -3.04824e-09 7.45905e-01 1.20318e+00 8.47446e-01 7.25798e-01 7.30846e-01 -2.64557e+00
3.18118e-01 -2.94704e-09 7.45927e-01 1.20313e+00 8.47423e-01 7.25798e-01 7.30853e-01 -2.64557e+00
3.20023e-01 -2.84205e-09 7.45950e-01 1.20308e+00 8.47400e-01 7.25799e-01 7.30858e-01 -2.64557e+00
3.21928e-01 -2.73339e-09 7.45972e-01 1.20304e+00 8.47379e-01 7.25799e-01 7.30864e-01 -2.64557e+00
3.23833e-01 -2.62117e-09 7.45995e-01 1.20299e+00 8.47358e-01 7.25799e-01 7.30869e-01 -2.64557e+00
3.25738e-01 -2.50551e-09 7.46017e-01 1.20295e+00 8.47338e-01 7.25800e-01 7.30874e-01 -2.64557e+00
3.27643e-01 -2.38654e-09 7.46039e-01 1.20290e+00 8.47319e-01 7.25800e-01 7.30878e-01 -2.64557e+00
3.29548e-01 -2.26439e-09 7.46062e-01 1.20286e+00 8.47300e-01 7.25800e-01 7.30883e-01 -2.64557e+00
3.31453e-01 -2.13920e-09 7.46084e-01 1.20283e+00 8.47283e-01 7.25800e-01 7.30886e-01 -2.64557e+00
3.33357e-01 -2.01112e-09 7.46106e-01 1.20279e+00 8.47266e-01 7.25801e-01 7.30890e-01 -2.64557e+00
3.35262e-01 -1.88028e-09 7.46128e-01 1.20276e+00 8.47250e-01 7.25801e-01 7.30893e-01 -2.64557e+00
3.37167e-01 -1.74684e-09 7.46149e-01 1.20272e+00 8.47235e-01 7.25801e-01 7.30896e-01 -2.64557e+00
3.39072e-01 -1.61097e-09 7.46171e-01 1.20269e+00 8.47220e-01 7.25801e-01 7.30899e-01 -2.64557e+00
3.40977e-01 -1.47282e-09 7.46193e-01 1.20266e+00 8.47207e-01 7.25801e-01 7.30901e-01 -2.64557e+00
3.42882e-01 -1.33256e-09 7.46214e-01 1.20263e+00 8.47193e-01 7.25801e-01 7.30903e-01 -2.64558e+00
3.44787e-01 -1.19035e-09 7.46236e-01 1.20261e+00 8.47181e-01 7.25801e-01 7.30905e-01 -2.64558e+00
3.46692e-01 -1.04637e-09 7.46258e-01 1.20258e+00 8.47170e-01 7.25801e-01 7.30907e-01 -2.64558e+00
3.48597e-01 -9.00803e-10 7.46279e-01 1.20256e+00 8.47159e-01 7.25802e-01 7.30909e-01 -2.64558e+00
3.50502e-01 -7.53816e-10 7.46301e-01 1.20254e+00 8.47149e-01 7.25802e-01 7.30910e-01 -2.64558e+00
3.52406e-01 -6.05594e-10 7.46322e-01 1.20252e+00 8.47139e-01 7.25802e-01 7.30912e-01 -2.64558e+00
3.54311e-01 -4.56319e-10 7.46343e-01 1.20250e+00 8.47130e-01 7.25802e-01 7.30913e-01 -2.64558e+00
3.56216e-01 -3.06179e-10 7.46365e-01 1.20248e+00 8.47122e-01 7.25802e-01 7.30914e-01 -2.64558e+00
3.58121e-01 -1.55360e-10 7.46386e-01 1.20247e+00 8.47115e-01 7.25802e-01 7.30915e-01 -2.64558e+00
3.60026e-01 -4.04994e-12 7.46407e-01 1.20245e+00 8.47108e-01 7.25802e-01 7.30915e-01 -2.64558e+00
3.61931e-01 1.47560e-10 7.46428e-01 1.20244e+00 8.47103e-01 7.25802e-01 7.30916e-01 -2.64558e+00
3.63836e-01 2.99280e-10 7.46450e-01 1.20243e+00 8.47097e-01 7.25802e-01 7.30916e-01 -2.64558e+00
3.65741e-01 4.50918e-10 7.46471e-01 1.20242e+00 8.47093e-01 7.25802e-01 7.30917e-01 -2.64558e+00
3.67646e-01 6.02282e-10 7.46492e-01 1.20241e+00 8.47089e-01 7.25802e-01 7.30917e-01 -2.64558e+00
3.69551e-01 7.53180e-10 7.46513e-01 1.20241e+00 8.47085e-01 7.25802e-01 7.30917e-01 -2.64558e+00
3.71455e-01 9.03421e-10 7.46534e-01 1.20240e+00 8.47083e-01 7.25802e-01 7.30917e-01 -2.64558e+00
3.73360e-01 1.05281e-09 7.46555e-01 1.20240e+00 8.47081e-01 7.25802e-01 7.30917e-01 -2.64558e+00
3.75265e-01 1.20116e-09 7.46577e-01 1.20239e+00 8.47079e-01 7.25802e-01 7.30918e-01 -2.64558e+00
3.77170e-01 1.34829e-09 7.46598e-01 1.20239e+00 8.47079e-01 7.25802e-01 7.30918e-01 -2.64558e+00
3.79075e-01 1.49399e-09 7.46619e-01 1.20239e+00 8.47079e-01 7.25802e-01 7.30918e-01 -2.64558e+00
