# x AR CA ca co phi u v
0.00000e+00 6.00000e-01 3.00000e-01 4.99135e-01 4.99135e-01 7.40000e-01 1.00000e+00 -2.67534e+00
1.90490e-03 7.00621e-01 1.82609e-01 5.60752e-01 5.27756e-01 7.49480e-01 1.19600e+00 -2.69437e+00
3.80980e-03 7.56191e-01 1.17777e-01 6.13321e-01 5.52138e-01 7.52675e-01 1.26523e+00 -2.70060e+00
5.71470e-03 7.88746e-01 7.97968e-02 6.61259e-01 5.74387e-01 7.53109e-01 1.27474e+00 -2.70143e+00
7.61960e-03 8.08558e-01 5.66822e-02 7.06615e-01 5.95482e-01 7.52416e-01 1.25954e+00 -2.70009e+00
9.52450e-03 8.20956e-01 4.22183e-02 7.50421e-01 6.15917e-01 7.51360e-01 1.23653e+00 -2.69804e+00
1.14294e-02 8.28878e-01 3.29752e-02 7.93219e-01 6.35950e-01 7.50284e-01 1.21328e+00 -2.69594e+00
1.33343e-02 8.34014e-01 2.69832e-02 8.35307e-01 6.55726e-01 7.49329e-01 1.19278e+00 -2.69407e+00
1.52392e-02 8.37362e-01 2.30772e-02 8.76850e-01 6.75322e-01 7.48536e-01 1.17587e+00 -2.69251e+00
1.71441e-02 8.39530e-01 2.05481e-02 9.17943e-01 6.94784e-01 7.47904e-01 1.16246e+00 -2.69126e+00
1.90490e-02 8.40900e-01 1.89498e-02 9.58644e-01 7.14140e-01 7.47414e-01 1.15212e+00 -2.69029e+00
2.09539e-02 8.41724e-01 1.79887e-02 9.98986e-01 7.33405e-01 7.47043e-01 1.14431e+00 -2.68955e+00
2.28588e-02 8.42177e-01 1.74602e-02 1.03899e+00 7.52589e-01 7.46768e-01 1.13853e+00 -2.68900e+00
2.47637e-02 8.42390e-01 1.72119e-02 1.07868e+00 7.71699e-01 7.46568e-01 1.13434e+00 -2.68860e+00
2.66686e-02 8.42463e-01 1.71261e-02 1.11805e+00 7.90738e-01 7.46426e-01 1.13135e+00 -2.68832e+00
2.85735e-02 8.42474e-01 1.71136e-02 1.15711e+00 8.09707e-01 7.46326e-01 1.12927e+00 -2.68812e+00
3.04784e-02 8.42471e-01 1.71173e-02 1.19587e+00 8.28606e-01 7.46257e-01 1.12783e+00 -2.68798e+00
3.23833e-02 8.42462e-01 1.71279e-02 1.23432e+00 8.47434e-01 7.46210e-01 1.12684e+00 -2.68789e+00
3.42882e-02 8.42404e-01 1.71953e-02 1.27247e+00 8.66191e-01 7.46177e-01 1.12615e+00 -2.68782e+00
3.61931e-02 8.42209e-01 1.74228e-02 1.31031e+00 8.84877e-01 7.46156e-01 1.12571e+00 -2.68778e+00
3.80980e-02 7.73334e-01 2.60719e-02 1.34786e+00 9.03496e-01 7.46146e-01 1.12550e+00 -2.68776e+00
4.00029e-02 7.05674e-01 3.61117e-02 1.37065e+00 9.14961e-01 7.39614e-01 9.92313e-01 -2.67455e+00
4.19078e-02 6.30391e-01 4.98267e-02 1.38358e+00 9.21652e-01 7.30778e-01 8.22039e-01 -2.65615e+00
4.38127e-02 5.37903e-01 7.08280e-02 1.38902e+00 9.24704e-01 7.21519e-01 6.55111e-01 -2.63636e+00
4.57176e-02 4.19082e-01 1.04871e-01 1.38833e+00 9.24772e-01 7.12673e-01 5.05926e-01 -2.61707e+00
4.76225e-02 2.76421e-01 1.58281e-01 1.38265e+00 9.22403e-01 7.04668e-01 3.79014e-01 -2.59936e+00
4.95274e-02 1.40743e-01 2.30438e-01 1.37341e+00 9.18283e-01 6.97850e-01 2.76657e-01 -2.58414e+00
5.14323e-02 5.18879e-02 3.10120e-01 1.36237e+00 9.13270e-01 6.92539e-01 2.00379e-01 -2.57221e+00
5.33372e-02 1.37407e-02 3.87604e-01 1.35109e+00 9.08115e-01 6.88830e-01 1.48836e-01 -2.56386e+00
5.52421e-02 2.71972e-03 4.60336e-01 1.34041e+00 9.03237e-01 6.86516e-01 1.17382e-01 -2.55864e+00
5.71470e-02 4.30965e-04 5.26192e-01 1.33065e+00 8.98780e-01 6.85250e-01 1.00393e-01 -2.55578e+00
5.90519e-02 5.90067e-05 5.82060e-01 1.32181e+00 8.94760e-01 6.84705e-01 9.31330e-02 -2.55455e+00
6.09568e-02 7.45067e-06 6.26680e-01 1.31386e+00 8.91152e-01 6.84631e-01 9.21478e-02 -2.55438e+00
6.28617e-02 9.07920e-07 6.61077e-01 1.30671e+00 8.87917e-01 6.84849e-01 9.50435e-02 -2.55487e+00
6.47666e-02 1.09699e-07 6.87278e-01 1.30027e+00 8.85013e-01 6.85235e-01 1.00193e-01 -2.55575e+00
6.66715e-02 1.33450e-08 7.07301e-01 1.29445e+00 8.82399e-01 6.85707e-01 1.06512e-01 -2.55681e+00
6.85764e-02 1.65704e-09 7.22773e-01 1.28918e+00 8.80039e-01 6.86212e-01 1.13294e-01 -2.55795e+00
7.04813e-02 2.14595e-10 7.34899e-01 1.28439e+00 8.77902e-01 6.86717e-01 1.20093e-01 -2.55909e+00
7.23862e-02 2.92695e-11 7.44545e-01 1.28002e+00 8.75959e-01 6.87201e-01 1.26645e-01 -2.56019e+00
7.42911e-02 3.69453e-12 7.52328e-01 1.27602e+00 8.74187e-01 6.87655e-01 1.32799e-01 -2.56121e+00
7.61960e-02 7.45797e-14 7.58691e-01 1.27235e+00 8.72565e-01 6.88073e-01 1.38485e-01 -2.56215e+00
7.81009e-02 -2.42783e-13 7.63954e-01 1.26896e+00 8.71076e-01 6.88454e-01 1.43683e-01 -2.56301e+00
8.00058e-02 -1.29191e-13 7.68351e-01 1.26584e+00 8.69704e-01 6.88798e-01 1.48399e-01 -2.56379e+00
8.19107e-02 -3.89831e-14 7.72058e-01 1.26294e+00 8.68437e-01 6.89109e-01 1.52660e-01 -2.56449e+00
8.38156e-02 -3.37609e-15 7.75208e-01 1.26024e+00 8.67264e-01 6.89388e-01 1.56498e-01 -2.56512e+00
8.57205e-02 4.64354e-15 7.77901e-01 1.25774e+00 8.66174e-01 6.89639e-01 1.59953e-01 -2.56568e+00
8.76254e-02 4.00357e-15 7.80219e-01 1.25539e+00 8.65160e-01 6.89864e-01 1.63062e-01 -2.56619e+00
8.95303e-02 2.17572e-15 7.82222e-01 1.25320e+00 8.64214e-01 6.90066e-01 1.65860e-01 -2.56664e+00
9.14352e-02 9.68439e-16 7.83961e-01 1.25115e+00 8.63330e-01 6.90248e-01 1.68383e-01 -2.56706e+00
9.33401e-02 3.86184e-16 7.85475e-01 1.24922e+00 8.62501e-01 6.90413e-01 1.70659e-01 -2.56743e+00
9.52450e-02 1.46188e-16 7.86797e-01 1.24740e+00 8.61723e-01 6.90561e-01 1.72718e-01 -2.56776e+00
9.71499e-02 5.46706e-17 7.87955e-01 1.24569e+00 8.60992e-01 6.90695e-01 1.74584e-01 -2.56806e+00
9.90548e-02 2.02381e-17 7.88970e-01 1.24407e+00 8.60304e-01 6.90817e-01 1.76277e-01 -2.56834e+00
1.00960e-01 6.94022e-18 7.89861e-01 1.24254e+00 8.59654e-01 6.90928e-01 1.77818e-01 -2.56859e+00
1.02865e-01 1.76419e-18 7.90643e-01 1.24109e+00 8.59041e-01 6.91029e-01 1.79223e-01 -2.56881e+00
1.04769e-01 -8.64093e-20 7.91329e-01 1.23972e+00 8.58460e-01 6.91121e-01 1.80507e-01 -2.56902e+00
1.06674e-01 -5.64588e-19 7.91931e-01 1.23841e+00 8.57910e-01 6.91205e-01 1.81682e-01 -2.56921e+00
1.08579e-01 -5.35567e-19 7.92459e-01 1.23717e+00 8.57389e-01 6.91283e-01 1.82760e-01 -2.56938e+00
1.10484e-01 -3.75943e-19 7.92920e-01 1.23599e+00 8.56893e-01 6.91354e-01 1.83751e-01 -2.56954e+00
1.12389e-01 -2.27176e-19 7.93322e-01 1.23487e+00 8.56422e-01 6.91419e-01 1.84663e-01 -2.56969e+00
1.14294e-01 -1.06723e-16 7.93671e-01 1.23379e+00 8.55974e-01 6.91479e-01 1.85505e-01 -2.56983e+00
1.16199e-01 1.56096e-16 7.93972e-01 1.23277e+00 8.55547e-01 6.91535e-01 1.86283e-01 -2.56995e+00
1.18104e-01 2.20459e-15 7.94231e-01 1.23179e+00 8.55139e-01 6.91586e-01 1.87003e-01 -2.57007e+00
1.20009e-01 7.70972e-15 7.94451e-01 1.23085e+00 8.54750e-01 6.91634e-01 1.87671e-01 -2.57018e+00
1.21914e-01 1.75615e-14 7.94636e-01 1.22996e+00 8.54378e-01 6.91678e-01 1.88291e-01 -2.57027e+00
1.23818e-01 3.10442e-14 7.94790e-01 1.22910e+00 8.54022e-01 6.91719e-01 1.88868e-01 -2.57037e+00
1.25723e-01 4.55231e-14 7.94914e-01 1.22827e+00 8.53681e-01 6.91758e-01 1.89404e-01 -2.57045e+00
1.27628e-01 5.67019e-14 7.95013e-01 1.22748e+00 8.53355e-01 6.91794e-01 1.89905e-01 -2.57053e+00
1.29533e-01 5.93467e-14 7.95088e-01 1.22672e+00 8.53041e-01 6.91827e-01 1.90372e-01 -2.57061e+00
1.31438e-01 4.82778e-14 7.95141e-01 1.22599e+00 8.52741e-01 6.91858e-01 1.90809e-01 -2.57068e+00
1.33343e-01 1.94165e-14 7.95174e-01 1.22529e+00 8.52452e-01 6.91887e-01 1.91218e-01 -2.57075e+00
1.35248e-01 -2.93054e-14 7.95189e-01 1.22462e+00 8.52175e-01 6.91915e-01 1.91601e-01 -2.57081e+00
1.37153e-01 -9.73106e-14 7.95188e-01 1.22397e+00 8.51908e-01 6.91940e-01 1.91960e-01 -2.57086e+00
1.39058e-01 -1.81095e-13 7.95171e-01 1.22334e+00 8.51652e-01 6.91964e-01 1.92298e-01 -2.57092e+00
1.40963e-01 -2.74320e-13 7.95139e-01 1.22274e+00 8.51404e-01 6.91987e-01 1.92615e-01 -2.57097e+00
1.42867e-01 -3.68240e-13 7.95095e-01 1.22215e+00 8.51166e-01 6.92008e-01 1.92913e-01 -2.57102e+00
1.44772e-01 -4.52416e-13 7.95039e-01 1.22159e+00 8.50937e-01 6.92028e-01 1.93193e-01 -2.57106e+00
1.46677e-01 -5.15609e-13 7.94972e-01 1.22105e+00 8.50715e-01 6.92047e-01 1.93458e-01 -2.57110e+00
1.48582e-01 -5.46768e-13 7.94895e-01 1.22053e+00 8.50501e-01 6.92065e-01 1.93707e-01 -2.57114e+00
1.50487e-01 -5.36022e-13 7.94809e-01 1.22002e+00 8.50295e-01 6.92081e-01 1.93943e-01 -2.57118e+00
1.52392e-01 -4.75576e-13 7.94714e-01 1.21953e+00 8.50095e-01 6.92097e-01 1.94165e-01 -2.57122e+00
1.54297e-01 -3.60470e-13 7.94611e-01 1.21906e+00 8.49903e-01 6.92112e-01 1.94375e-01 -2.57125e+00
1.56202e-01 -1.89125e-13 7.94500e-01 1.21860e+00 8.49716e-01 6.92126e-01 1.94574e-01 -2.57128e+00
1.58107e-01 3.63349e-14 7.94383e-01 1.21816e+00 8.49536e-01 6.92140e-01 1.94762e-01 -2.57131e+00
1.60012e-01 3.10000e-13 7.94259e-01 1.21773e+00 8.49361e-01 6.92153e-01 1.94940e-01 -2.57134e+00
1.61916e-01 6.22324e-13 7.94129e-01 1.21731e+00 8.49192e-01 6.92165e-01 1.95109e-01 -2.57137e+00
1.63821e-01 9.60491e-13 7.93994e-01 1.21691e+00 8.49029e-01 6.92176e-01 1.95269e-01 -2.57139e+00
1.65726e-01 1.30896e-12 7.93854e-01 1.21652e+00 8.48870e-01 6.92187e-01 1.95421e-01 -2.57142e+00
1.67631e-01 1.65015e-12 7.93709e-01 1.21614e+00 8.48716e-01 6.92197e-01 1.95566e-01 -2.57144e+00
1.69536e-01 1.96523e-12 7.93560e-01 1.21577e+00 8.48567e-01 6.92207e-01 1.95703e-01 -2.57146e+00
1.71441e-01 2.23500e-12 7.93407e-01 1.21542e+00 8.48423e-01 6.92216e-01 1.95833e-01 -2.57149e+00
1.73346e-01 2.44073e-12 7.93250e-01 1.21507e+00 8.48282e-01 6.92225e-01 1.95957e-01 -2.57150e+00
1.75251e-01 2.56501e-12 7.93090e-01 1.21474e+00 8.48146e-01 6.92233e-01 1.96074e-01 -2.57152e+00
1.77156e-01 2.59256e-12 7.92927e-01 1.21441e+00 8.48014e-01 6.92241e-01 1.96186e-01 -2.57154e+00
1.79061e-01 2.51094e-12 7.92760e-01 1.21410e+00 8.47885e-01 6.92249e-01 1.96293e-01 -2.57156e+00
1.80965e-01 2.31118e-12 7.92591e-01 1.21379e+00 8.47760e-01 6.92256e-01 1.96395e-01 -2.57157e+00
1.82870e-01 1.98819e-12 7.92419e-01 1.21349e+00 8.47639e-01 6.92263e-01 1.96492e-01 -2.57159e+00
1.84775e-01 1.54120e-12 7.92245e-01 1.21320e+00 8.47521e-01 6.92269e-01 1.96584e-01 -2.57161e+00
1.86680e-01 9.73894e-13 7.92069e-01 1.21292e+00 8.47406e-01 6.92276e-01 1.96672e-01 -2.57162e+00
1.88585e-01 2.94504e-13 7.91891e-01 1.21264e+00 8.47295e-01 6.92282e-01 1.96756e-01 -2.57163e+00
1.90490e-01 -4.84273e-13 7.91711e-01 1.21238e+00 8.47186e-01 6.92287e-01 1.96836e-01 -2.57165e+00
1.92395e-01 -1.34550e-12 7.91530e-01 1.21212e+00 8.47081e-01 6.92293e-01 1.96912e-01 -2.57166e+00
1.94300e-01 -2.26833e-12 7.91346e-01 1.21187e+00 8.46978e-01 6.92298e-01 1.96985e-01 -2.57167e+00
1.96205e-01 -3.22849e-12 7.91162e-01 1.21162e+00 8.46878e-01 6.92303e-01 1.97055e-01 -2.57168e+00
1.98110e-01 -4.19882e-12 7.90976e-01 1.21138e+00 8.46781e-01 6.92308e-01 1.97122e-01 -2.57169e+00
2.00014e-01 -5.14993e-12 7.90789e-01 1.21115e+00 8.46686e-01 6.92312e-01 1.97185e-01 -2.57170e+00
2.01919e-01 -6.05095e-12 7.90601e-01 1.21093e+00 8.46593e-01 6.92317e-01 1.97246e-01 -2.57171e+00
2.03824e-01 -6.87029e-12 7.90412e-01 1.21071e+00 8.46504e-01 6.92321e-01 1.97304e-01 -2.57172e+00
2.05729e-01 -7.57651e-12 7.90222e-01 1.21049e+00 8.46416e-01 6.92325e-01 1.97360e-01 -2.57173e+00
2.07634e-01 -8.13912e-12 7.90031e-01 1.21029e+00 8.46331e-01 6.92328e-01 1.97413e-01 -2.57174e+00
2.09539e-01 -8.52949e-12 7.89840e-01 1.21008e+00 8.46247e-01 6.92332e-01 1.97464e-01 -2.57175e+00
2.11444e-01 -8.72167e-12 7.89647e-01 1.20989e+00 8.46166e-01 6.92336e-01 1.97512e-01 -2.57175e+00
2.13349e-01 -8.69324e-12 7.89455e-01 1.20969e+00 8.46087e-01 6.92339e-01 1.97559e-01 -2.57176e+00
2.15254e-01 -8.42604e-12 7.89262e-01 1.20951e+00 8.46010e-01 6.92342e-01 1.97604e-01 -2.57177e+00
2.17159e-01 -7.90692e-12 7.89068e-01 1.20933e+00 8.45935e-01 6.92345e-01 1.97646e-01 -2.57178e+00
2.19063e-01 -7.12836e-12 7.88874e-01 1.20915e+00 8.45862e-01 6.92348e-01 1.97687e-01 -2.57178e+00
2.20968e-01 -6.08896e-12 7.88680e-01 1.20898e+00 8.45790e-01 6.92351e-01 1.97726e-01 -2.57179e+00
2.22873e-01 -4.79389e-12 7.88485e-01 1.20881e+00 8.45721e-01 6.92353e-01 1.97763e-01 -2.57179e+00
2.24778e-01 -3.25512e-12 7.88290e-01 1.20864e+00 8.45653e-01 6.92356e-01 1.97799e-01 -2.57180e+00
2.26683e-01 -1.49159e-12 7.88096e-01 1.20848e+00 8.45586e-01 6.92358e-01 1.97834e-01 -2.57181e+00
2.28588e-01 4.70819e-13 7.87901e-01 1.20833e+00 8.45522e-01 6.92361e-01 1.97866e-01 -2.57181e+00
2.30493e-01 2.59950e-12 7.87706e-01 1.20818e+00 8.45459e-01 6.92363e-01 1.97898e-01 -2.57182e+00
2.32398e-01 4.85546e-12 7.87510e-01 1.20803e+00 8.45397e-01 6.92365e-01 1.97928e-01 -2.57182e+00
2.34303e-01 7.19383e-12 7.87315e-01 1.20788e+00 8.45337e-01 6.92367e-01 1.97957e-01 -2.57182e+00
2.36208e-01 9.56456e-12 7.87120e-01 1.20774e+00 8.45279e-01 6.92369e-01 1.97985e-01 -2.57183e+00
2.38112e-01 1.19133e-11 7.86925e-01 1.20761e+00 8.45221e-01 6.92371e-01 1.98011e-01 -2.57183e+00
2.40017e-01 1.41825e-11 7.86731e-01 1.20747e+00 8.45166e-01 6.92373e-01 1.98036e-01 -2.57184e+00
2.41922e-01 1.63122e-11 7.86536e-01 1.20735e+00 8.45111e-01 6.92375e-01 1.98061e-01 -2.57184e+00
2.43827e-01 1.82417e-11 7.86342e-01 1.20722e+00 8.45058e-01 6.92376e-01 1.98084e-01 -2.57185e+00
2.45732e-01 1.99109e-11 7.86147e-01 1.20710e+00 8.45007e-01 6.92378e-01 1.98106e-01 -2.57185e+00
2.47637e-01 2.12614e-11 7.85953e-01 1.20698e+00 8.44956e-01 6.92379e-01 1.98127e-01 -2.57185e+00
2.49542e-01 2.22383e-11 7.85760e-01 1.20686e+00 8.44907e-01 6.92381e-01 1.98148e-01 -2.57186e+00
2.51447e-01 2.27916e-11 7.85566e-01 1.20675e+00 8.44859e-01 6.92382e-01 1.98167e-01 -2.57186e+00
2.53352e-01 2.28777e-11 7.85373e-01 1.20664e+00 8.44812e-01 6.92383e-01 1.98186e-01 -2.57186e+00
2.55257e-01 2.24607e-11 7.85180e-01 1.20653e+00 8.44766e-01 6.92385e-01 1.98204e-01 -2.57186e+00
2.57161e-01 2.15139e-11 7.84988e-01 1.20642e+00 8.44722e-01 6.92386e-01 1.98221e-01 -2.57187e+00
2.59066e-01 2.00209e-11 7.84796e-01 1.20632e+00 8.44678e-01 6.92387e-01 1.98237e-01 -2.57187e+00
2.60971e-01 1.79768e-11 7.84604e-01 1.20622e+00 8.44636e-01 6.92388e-01 1.98253e-01 -2.57187e+00
2.62876e-01 1.53887e-11 7.84413e-01 1.20613e+00 8.44594e-01 6.92389e-01 1.98268e-01 -2.57187e+00
2.64781e-01 1.22768e-11 7.84222e-01 1.20603e+00 8.44554e-01 6.92390e-01 1.98282e-01 -2.57188e+00
2.66686e-01 8.67430e-12 7.84031e-01 1.20594e+00 8.44515e-01 6.92391e-01 1.98296e-01 -2.57188e+00
2.68591e-01 4.62796e-12 7.83841e-01 1.20585e+00 8.44476e-01 6.92392e-01 1.98309e-01 -2.57188e+00
2.70496e-01 1.97556e-13 7.83652e-01 1.20576e+00 8.44439e-01 6.92393e-01 1.98322e-01 -2.57188e+00
2.72401e-01 -4.54442e-12 7.83463e-01 1.20568e+00 8.44403e-01 6.92394e-01 1.98334e-01 -2.57189e+00
2.74306e-01 -9.51360e-12 7.83274e-01 1.20560e+00 8.44367e-01 6.92395e-01 1.98345e-01 -2.57189e+00
2.76210e-01 -1.46149e-11 7.83086e-01 1.20552e+00 8.44333e-01 6.92395e-01 1.98356e-01 -2.57189e+00
2.78115e-01 -1.97437e-11 7.82899e-01 1.20544e+00 8.44299e-01 6.92396e-01 1.98366e-01 -2.57189e+00
2.80020e-01 -2.47878e-11 7.82712e-01 1.20537e+00 8.44267e-01 6.92397e-01 1.98376e-01 -2.57189e+00
2.81925e-01 -2.96294e-11 7.82526e-01 1.20529e+00 8.44235e-01 6.92398e-01 1.98385e-01 -2.57189e+00
2.83830e-01 -3.41468e-11 7.82340e-01 1.20522e+00 8.44204e-01 6.92398e-01 1.98394e-01 -2.57189e+00
2.85735e-01 -3.82173e-11 7.82154e-01 1.20515e+00 8.44174e-01 6.92399e-01 1.98403e-01 -2.57190e+00
2.87640e-01 -4.17197e-11 7.81970e-01 1.20509e+00 8.44144e-01 6.92399e-01 1.98411e-01 -2.57190e+00
2.89545e-01 -4.45367e-11 7.81785e-01 1.20502e+00 8.44116e-01 6.92400e-01 1.98419e-01 -2.57190e+00
2.91450e-01 -4.65576e-11 7.81602e-01 1.20496e+00 8.44088e-01 6.92400e-01 1.98426e-01 -2.57190e+00
2.93355e-01 -4.76816e-11 7.81419e-01 1.20490e+00 8.44061e-01 6.92401e-01 1.98433e-01 -2.57190e+00
2.95259e-01 -4.78198e-11 7.81236e-01 1.20484e+00 8.44035e-01 6.92401e-01 1.98440e-01 -2.57190e+00
2.97164e-01 -4.68985e-11 7.81054e-01 1.20478e+00 8.44010e-01 6.92402e-01 1.98446e-01 -2.57190e+00
2.99069e-01 -4.48609e-11 7.80873e-01 1.20472e+00 8.43985e-01 6.92402e-01 1.98452e-01 -2.57190e+00
3.00974e-01 -4.16702e-11 7.80692e-01 1.20467e+00 8.43961e-01 6.92403e-01 1.98458e-01 -2.57191e+00
3.02879e-01 -3.73110e-11 7.80512e-01 1.20462e+00 8.43938e-01 6.92403e-01 1.98463e-01 -2.57191e+00
3.04784e-01 -3.17912e-11 7.80333e-01 1.20457e+00 8.43915e-01 6.92403e-01 1.98468e-01 -2.57191e+00
3.06689e-01 -2.51432e-11 7.80154e-01 1.20452e+00 8.43894e-01 6.92404e-01 1.98473e-01 -2.57191e+00
3.08594e-01 -1.74252e-11 7.79976e-01 1.20447e+00 8.43873e-01 6.92404e-01 1.98477e-01 -2.57191e+00
3.10499e-01 -8.72111e-12 7.79798e-01 1.20443e+00 8.43852e-01 6.92404e-01 1.98482e-01 -2.57191e+00
3.12404e-01 8.59052e-13 7.79621e-01 1.20438e+00 8.43833e-01 6.92405e-01 1.98486e-01 -2.57191e+00
3.14308e-01 1.11798e-11 7.79445e-01 1.20434e+00 8.43814e-01 6.92405e-01 1.98489e-01 -2.57191e+00
3.16213e-01 2.20810e-11 7.79269e-01 1.20430e+00 8.43795e-01 6.92405e-01 1.98493e-01 -2.57191e+00
3.18118e-01 3.33797e-11 7.79094e-01 1.20426e+00 8.43777e-01 6.92405e-01 1.98496e-01 -2.57191e+00
3.20023e-01 4.48718e-11 7.78919e-01 1.20422e+00 8.43760e-01 6.92406e-01 1.98499e-01 -2.57191e+00
3.21928e-01 5.63349e-11 7.78745e-01 1.20419e+00 8.43744e-01 6.92406e-01 1.98502e-01 -2.57191e+00
3.23833e-01 6.75310e-11 7.78572e-01 1.20415e+00 8.43728e-01 6.92406e-01 1.98505e-01 -2.57191e+00
3.25738e-01 7.82100e-11 7.78400e-01 1.20412e+00 8.43713e-01 6.92406e-01 1.98508e-01 -2.57191e+00
3.27643e-01 8.81136e-11 7.78228e-01 1.20409e+00 8.43698e-01 6.92406e-01 1.98510e-01 -2.57191e+00
3.29548e-01 9.69797e-11 7.78057e-01 1.20406e+00 8.43684e-01 6.92407e-01 1.98512e-01 -2.57191e+00
3.31453e-01 1.04546e-10 7.77886e-01 1.20403e+00 8.43671e-01 6.92407e-01 1.98514e-01 -2.57191e+00
3.33357e-01 1.10557e-10 7.77716e-01 1.20400e+00 8.43658e-01 6.92407e-01 1.98516e-01 -2.57191e+00
3.35262e-01 1.14764e-10 7.77547e-01 1.20397e+00 8.43646e-01 6.92407e-01 1.98518e-01 -2.57191e+00
3.37167e-01 1.16937e-10 7.77378e-01 1.20395e+00 8.43634e-01 6.92407e-01 1.98519e-01 -2.57191e+00
3.39072e-01 1.16865e-10 7.77210e-01 1.20393e+00 8.43623e-01 6.92407e-01 1.98521e-01 -2.57192e+00
3.40977e-01 1.14359e-10 7.77043e-01 1.20390e+00 8.43613e-01 6.92407e-01 1.98522e-01 -2.57192e+00
3.42882e-01 1.09264e-10 7.76877e-01 1.20388e+00 8.43603e-01 6.92407e-01 1.98523e-01 -2.57192e+00
3.44787e-01 1.01456e-10 7.76711e-01 1.20386e+00 8.43594e-01 6.92407e-01 1.98524e-01 -2.57192e+00
3.46692e-01 9.08503e-11 7.76546e-01 1.20384e+00 8.43585e-01 6.92408e-01 1.98525e-01 -2.57192e+00
3.48597e-01 7.74055e-11 7.76381e-01 1.20383e+00 8.43577e-01 6.92408e-01 1.98526e-01 -2.57192e+00
3.50502e-01 6.11242e-11 7.76218e-01 1.20381e+00 8.43569e-01 6.92408e-01 1.98527e-01 -2.57192e+00
3.52406e-01 4.20578e-11 7.76055e-01 1.20379e+00 8.43562e-01 6.92408e-01 1.98528e-01 -2.57192e+00
3.54311e-01 2.03081e-11 7.75893e-01 1.20378e+00 8.43555e-01 6.92408e-01 1.98528e-01 -2.57192e+00
3.56216e-01 -3.97152e-12 7.75731e-01 1.20377e+00 8.43549e-01 6.92408e-01 1.98529e-01 -2.57192e+00
3.58121e-01 -3.05748e-11 7.75570e-01 1.20376e+00 8.43543e-01 6.92408e-01 1.98529e-01 -2.57192e+00
3.60026e-01 -5.92430e-11 7.75410e-01 1.20374e+00 8.43538e-01 6.92408e-01 1.98530e-01 -2.57192e+00
3.61931e-01 -8.96657e-11 7.75251e-01 1.20374e+00 8.43534e-01 6.92408e-01 1.98530e-01 -2.57192e+00
3.63836e-01 -1.21482e-10 7.75092e-01 1.20373e+00 8.43530e-01 6.92408e-01 1.98530e-01 -2.57192e+00
3.65741e-01 -1.54285e-10 7.74934e-01 1.20372e+00 8.43526e-01 6.92408e-01 1.98531e-01 -2.57192e+00
3.67646e-01 -1.87621e-10 7.74777e-01 1.20371e+00 8.43523e-01 6.92408e-01 1.98531e-01 -2.57192e+00
3.69551e-01 -2.20998e-10 7.74621e-01 1.20371e+00 8.43521e-01 6.92408e-01 1.98531e-01 -2.57192e+00
3.71455e-01 -2.53887e-10 7.74465e-01 1.20370e+00 8.43519e-01 6.92408e-01 1.98531e-01 -2.57192e+00
3.73360e-01 -2.85731e-10 7.74310e-01 1.20370e+00 8.43517e-01 6.92408e-01 1.98531e-01 -2.57192e+00
3.75265e-01 -3.15950e-10 7.74156e-01 1.20370e+00 8.43516e-01 6.92408e-01 1.98531e-01 -2.57192e+00
3.77170e-01 -3.43945e-10 7.74003e-01 1.20370e+00 8.43516e-01 6.92408e-01 1.98531e-01 -2.57192e+00
3.79075e-01 -3.69110e-10 7.73850e-01 1.20370e+00 8.43516e-01 6.92408e-01 1.98531e-01 -2.57192e+00
