# x AR CA ca co phi u v
0.00000e+00 6.00000e-01 3.00000e-01 4.99135e-01 4.99135e-01 7.40000e-01 1.00000e+00 -2.67534e+00
1.90490e-03 7.13238e-01 1.67889e-01 5.53300e-01 5.24135e-01 7.40910e-01 1.01822e+00 -2.67720e+00
3.80980e-03 7.76087e-01 9.45655e-02 5.99711e-01 5.45486e-01 7.38345e-01 9.67162e-01 -2.67194e+00
5.71470e-03 8.10657e-01 5.42330e-02 6.42482e-01 5.65159e-01 7.35038e-01 9.02741e-01 -2.66509e+00
7.61960e-03 8.29639e-01 3.20879e-02 6.83469e-01 5.84048e-01 7.32008e-01 8.45086e-01 -2.65875e+00
9.52450e-03 8.40151e-01 1.98242e-02 7.23517e-01 6.02560e-01 7.29550e-01 7.99230e-01 -2.65356e+00
1.14294e-02 8.46077e-01 1.29099e-02 7.63004e-01 6.20880e-01 7.27668e-01 7.64693e-01 -2.64956e+00
1.33343e-02 8.49500e-01 8.91698e-03 8.02093e-01 6.39087e-01 7.26274e-01 7.39411e-01 -2.64659e+00
1.52392e-02 8.51527e-01 6.55141e-03 8.40852e-01 6.57215e-01 7.25260e-01 7.21199e-01 -2.64442e+00
1.71441e-02 8.52755e-01 5.11859e-03 8.79306e-01 6.75275e-01 7.24533e-01 7.08201e-01 -2.64286e+00
1.90490e-02 8.53509e-01 4.23942e-03 9.17462e-01 6.93272e-01 7.24014e-01 6.98976e-01 -2.64174e+00
2.09539e-02 8.53970e-01 3.70153e-03 9.55323e-01 7.11206e-01 7.23645e-01 6.92451e-01 -2.64095e+00
2.28588e-02 8.54244e-01 3.38155e-03 9.92888e-01 7.29075e-01 7.23385e-01 6.87844e-01 -2.64039e+00
2.47637e-02 8.54397e-01 3.20390e-03 1.03016e+00 7.46879e-01 7.23201e-01 6.84597e-01 -2.63999e+00
2.66686e-02 8.54470e-01 3.11885e-03 1.06713e+00 7.64617e-01 7.23071e-01 6.82308e-01 -2.63971e+00
2.85735e-02 8.54494e-01 3.09088e-03 1.10380e+00 7.82288e-01 7.22979e-01 6.80695e-01 -2.63952e+00
3.04784e-02 8.54491e-01 3.09336e-03 1.14018e+00 7.99892e-01 7.22915e-01 6.79556e-01 -2.63938e+00
3.23833e-02 8.54480e-01 3.10710e-03 1.17626e+00 8.17428e-01 7.22869e-01 6.78747e-01 -2.63928e+00
3.42882e-02 8.54467e-01 3.12201e-03 1.21205e+00 8.34896e-01 7.22836e-01 6.78165e-01 -2.63921e+00
3.61931e-02 8.54450e-01 3.14198e-03 1.24754e+00 8.52295e-01 7.22811e-01 6.77738e-01 -2.63915e+00
3.80980e-02 5.18530e-01 1.08696e-02 1.28275e+00 8.69625e-01 7.22793e-01 6.77419e-01 -2.63911e+00
4.00029e-02 2.31679e-01 1.80106e-02 1.29361e+00 8.75117e-01 7.12779e-01 5.07651e-01 -2.61730e+00
4.19078e-02 7.13921e-02 2.27627e-02 1.29418e+00 8.75590e-01 7.01781e-01 3.35054e-01 -2.59293e+00
4.38127e-02 1.43714e-02 2.56932e-02 1.29130e+00 8.74386e-01 6.92944e-01 2.06086e-01 -2.57312e+00
4.57176e-02 1.75244e-03 2.87098e-02 1.28764e+00 8.72795e-01 6.86612e-01 1.18672e-01 -2.55885e+00
4.76225e-02 1.12240e-04 3.49219e-02 1.28386e+00 8.71141e-01 6.82233e-01 6.05438e-02 -2.54896e+00
4.95274e-02 2.59039e-06 8.05429e-02 1.28007e+00 8.69479e-01 6.79225e-01 2.16729e-02 -2.54216e+00
5.14323e-02 -1.83271e-17 8.30282e-01 1.27632e+00 8.67825e-01 6.77165e-01 -4.45637e-03 -2.53750e+00
5.33372e-02 -2.10457e-17 7.93646e-01 1.27286e+00 8.66306e-01 6.75847e-01 -2.09802e-02 -2.53452e+00
5.52421e-02 1.67859e-19 7.93118e-01 1.26965e+00 8.64902e-01 6.75023e-01 -3.12288e-02 -2.53266e+00
5.71470e-02 -1.59839e-19 7.95270e-01 1.26667e+00 8.63604e-01 6.74529e-01 -3.73353e-02 -2.53154e+00
5.90519e-02 -1.53112e-19 7.99187e-01 1.26389e+00 8.62399e-01 6.74255e-01 -4.07133e-02 -2.53092e+00
6.09568e-02 -8.62105e-20 8.04482e-01 1.26130e+00 8.61279e-01 6.74126e-01 -4.23066e-02 -2.53063e+00
6.28617e-02 -1.33498e-19 8.10951e-01 1.25888e+00 8.60236e-01 6.74090e-01 -4.27470e-02 -2.53055e+00
6.47666e-02 -9.11932e-21 8.18461e-01 1.25662e+00 8.59263e-01 6.74114e-01 -4.24577e-02 -2.53060e+00
6.66715e-02 1.05241e-19 8.26907e-01 1.25449e+00 8.58353e-01 6.74174e-01 -4.17213e-02 -2.53074e+00
6.85764e-02 2.51802e-19 8.36184e-01 1.25250e+00 8.57500e-01 6.74254e-01 -4.07252e-02 -2.53092e+00
7.04813e-02 3.11321e-20 8.46186e-01 1.25062e+00 8.56700e-01 6.74346e-01 -3.95928e-02 -2.53113e+00
7.23862e-02 1.90851e-19 8.56791e-01 1.24885e+00 8.55948e-01 6.74443e-01 -3.84040e-02 -2.53134e+00
7.42911e-02 -3.31475e-20 8.67870e-01 1.24717e+00 8.55241e-01 6.74539e-01 -3.72099e-02 -2.53156e+00
7.61960e-02 -3.14698e-19 8.79277e-01 1.24559e+00 8.54574e-01 6.74634e-01 -3.60418e-02 -2.53178e+00
7.81009e-02 1.66923e-20 8.90857e-01 1.24410e+00 8.53945e-01 6.74725e-01 -3.49184e-02 -2.53198e+00
8.00058e-02 9.19506e-20 9.02447e-01 1.24268e+00 8.53351e-01 6.74811e-01 -3.38499e-02 -2.53218e+00
8.19107e-02 1.68927e-19 9.13880e-01 1.24134e+00 8.52789e-01 6.74892e-01 -3.28408e-02 -2.53236e+00
8.38156e-02 1.41884e-19 9.24987e-01 1.24006e+00 8.52258e-01 6.74969e-01 -3.18925e-02 -2.53254e+00
8.57205e-02 -7.49653e-20 9.35608e-01 1.23885e+00 8.51754e-01 6.75041e-01 -3.10039e-02 -2.53270e+00
8.76254e-02 1.78445e-19 9.45592e-01 1.23770e+00 8.51277e-01 6.75108e-01 -3.01728e-02 -2.53285e+00
8.95303e-02 9.94887e-20 9.54807e-01 1.23660e+00 8.50824e-01 6.75170e-01 -2.93966e-02 -2.53299e+00
9.14352e-02 -3.24009e-20 9.63147e-01 1.23556e+00 8.50393e-01 6.75229e-01 -2.86720e-02 -2.53312e+00
9.33401e-02 -2.01548e-20 9.70534e-01 1.23456e+00 8.49984e-01 6.75283e-01 -2.79957e-02 -2.53325e+00
9.52450e-02 1.33530e-19 9.76927e-01 1.23361e+00 8.49595e-01 6.75334e-01 -2.73646e-02 -2.53336e+00
9.71499e-02 -5.33694e-20 9.82320e-01 1.23270e+00 8.49224e-01 6.75381e-01 -2.67756e-02 -2.53347e+00
9.90548e-02 -9.68386e-20 9.86745e-01 1.23184e+00 8.48871e-01 6.75426e-01 -2.62259e-02 -2.53357e+00
1.00960e-01 -9.12072e-21 9.90266e-01 1.23101e+00 8.48534e-01 6.75467e-01 -2.57126e-02 -2.53366e+00
1.02865e-01 -1.88094e-20 9.92976e-01 1.23021e+00 8.48212e-01 6.75505e-01 -2.52333e-02 -2.53375e+00
1.04769e-01 8.83912e-21 9.94986e-01 1.22945e+00 8.47905e-01 6.75541e-01 -2.47854e-02 -2.53383e+00
1.06674e-01 -1.88240e-21 9.96415e-01 1.22872e+00 8.47611e-01 6.75575e-01 -2.43669e-02 -2.53391e+00
1.08579e-01 6.32794e-20 9.97384e-01 1.22802e+00 8.47330e-01 6.75606e-01 -2.39756e-02 -2.53398e+00
1.10484e-01 -2.31917e-20 9.98003e-01 1.22735e+00 8.47060e-01 6.75636e-01 -2.36094e-02 -2.53404e+00
1.12389e-01 5.12959e-20 9.98368e-01 1.22671e+00 8.46802e-01 6.75663e-01 -2.32667e-02 -2.53411e+00
1.14294e-01 -1.61917e-20 9.98558e-01 1.22609e+00 8.46555e-01 6.75689e-01 -2.29457e-02 -2.53416e+00
1.16199e-01 -1.51524e-20 9.98630e-01 1.22549e+00 8.46317e-01 6.75713e-01 -2.26447e-02 -2.53422e+00
1.18104e-01 -1.34448e-20 9.98629e-01 1.22491e+00 8.46088e-01 6.75736e-01 -2.23624e-02 -2.53427e+00
1.20009e-01 -1.12831e-20 9.98581e-01 1.22436e+00 8.45869e-01 6.75757e-01 -2.20974e-02 -2.53432e+00
1.21914e-01 -8.94405e-21 9.98505e-01 1.22383e+00 8.45658e-01 6.75777e-01 -2.18484e-02 -2.53436e+00
1.23818e-01 -6.69691e-21 9.98410e-01 1.22331e+00 8.45455e-01 6.75796e-01 -2.16142e-02 -2.53441e+00
1.25723e-01 -4.74580e-21 9.98303e-01 1.22282e+00 8.45259e-01 6.75814e-01 -2.13938e-02 -2.53445e+00
1.27628e-01 -3.20149e-21 9.98186e-01 1.22234e+00 8.45070e-01 6.75830e-01 -2.11862e-02 -2.53448e+00
1.29533e-01 -2.08386e-21 9.98060e-01 1.22187e+00 8.44888e-01 6.75846e-01 -2.09905e-02 -2.53452e+00
1.31438e-01 -1.34580e-21 9.97925e-01 1.22143e+00 8.44713e-01 6.75861e-01 -2.08058e-02 -2.53455e+00
1.33343e-01 -9.02319e-22 9.97782e-01 1.22100e+00 8.44544e-01 6.75875e-01 -2.06315e-02 -2.53458e+00
1.35248e-01 -6.51242e-22 9.97630e-01 1.22058e+00 8.44380e-01 6.75888e-01 -2.04668e-02 -2.53461e+00
1.37153e-01 -4.79227e-22 9.97469e-01 1.22017e+00 8.44222e-01 6.75900e-01 -2.03110e-02 -2.53464e+00
1.39058e-01 -2.53661e-22 9.97298e-01 1.21978e+00 8.44070e-01 6.75912e-01 -2.01636e-02 -2.53467e+00
1.40963e-01 1.93847e-22 9.97117e-01 1.21940e+00 8.43922e-01 6.75923e-01 -2.00240e-02 -2.53469e+00
1.42867e-01 1.08243e-21 9.96926e-01 1.21904e+00 8.43779e-01 6.75934e-01 -1.98917e-02 -2.53472e+00
1.44772e-01 2.68109e-21 9.96725e-01 1.21868e+00 8.43641e-01 6.75944e-01 -1.97662e-02 -2.53474e+00
1.46677e-01 5.27422e-21 9.96512e-01 1.21833e+00 8.43507e-01 6.75954e-01 -1.96472e-02 -2.53476e+00
1.48582e-01 9.07576e-21 9.96288e-01 1.21800e+00 8.43378e-01 6.75963e-01 -1.95343e-02 -2.53478e+00
1.50487e-01 1.40825e-20 9.96053e-01 1.21768e+00 8.43252e-01 6.75971e-01 -1.94269e-02 -2.53480e+00
1.52392e-01 1.98754e-20 9.95806e-01 1.21736e+00 8.43131e-01 6.75979e-01 -1.93249e-02 -2.53482e+00
1.54297e-01 2.54107e-20 9.95546e-01 1.21706e+00 8.43013e-01 6.75987e-01 -1.92279e-02 -2.53484e+00
1.56202e-01 2.88762e-20 9.95274e-01 1.21676e+00 8.42898e-01 6.75995e-01 -1.91356e-02 -2.53486e+00
1.58107e-01 2.77191e-20 9.94988e-01 1.21647e+00 8.42787e-01 6.76002e-01 -1.90478e-02 -2.53487e+00
1.60012e-01 1.89528e-20 9.94690e-01 1.21619e+00 8.42679e-01 6.76008e-01 -1.89641e-02 -2.53489e+00
1.61916e-01 -2.00378e-22 9.94378e-01 1.21592e+00 8.42575e-01 6.76015e-01 -1.88844e-02 -2.53490e+00
1.63821e-01 -3.13709e-20 9.94052e-01 1.21565e+00 8.42473e-01 6.76021e-01 -1.88084e-02 -2.53492e+00
1.65726e-01 -7.40017e-20 9.93713e-01 1.21540e+00 8.42374e-01 6.76027e-01 -1.87359e-02 -2.53493e+00
1.67631e-01 -1.24548e-19 9.93359e-01 1.21515e+00 8.42278e-01 6.76032e-01 -1.86668e-02 -2.53494e+00
1.69536e-01 -1.76348e-19 9.92991e-01 1.21491e+00 8.42185e-01 6.76037e-01 -1.86008e-02 -2.53495e+00
1.71441e-01 -2.20539e-19 9.92609e-01 1.21467e+00 8.42094e-01 6.76043e-01 -1.85378e-02 -2.53496e+00
1.73346e-01 -2.48128e-19 9.92211e-01 1.21444e+00 8.42006e-01 6.76047e-01 -1.84777e-02 -2.53498e+00
1.75251e-01 -2.52861e-19 9.91800e-01 1.21422e+00 8.41921e-01 6.76052e-01 -1.84202e-02 -2.53499e+00
1.77156e-01 -2.33957e-19 9.91373e-01 1.21400e+00 8.41837e-01 6.76056e-01 -1.83652e-02 -2.53500e+00
1.79061e-01 -1.97227e-19 9.90931e-01 1.21379e+00 8.41756e-01 6.76061e-01 -1.83127e-02 -2.53500e+00
1.80965e-01 -1.52984e-19 9.90475e-01 1.21358e+00 8.41677e-01 6.76065e-01 -1.82625e-02 -2.53501e+00
1.82870e-01 -1.09517e-19 9.90003e-01 1.21338e+00 8.41600e-01 6.76068e-01 -1.82144e-02 -2.53502e+00
1.84775e-01 -6.21700e-20 9.89516e-01 1.21318e+00 8.41525e-01 6.76072e-01 -1.81684e-02 -2.53503e+00
1.86680e-01 2.00170e-20 9.89015e-01 1.21299e+00 8.41452e-01 6.76076e-01 -1.81244e-02 -2.53504e+00
1.88585e-01 2.05809e-19 9.88499e-01 1.21281e+00 8.41381e-01 6.76079e-01 -1.80823e-02 -2.53505e+00
1.90490e-01 6.05028e-19 9.87968e-01 1.21263e+00 8.41312e-01 6.76082e-01 -1.80419e-02 -2.53505e+00
1.92395e-01 1.35622e-18 9.87422e-01 1.21245e+00 8.41244e-01 6.76085e-01 -1.80033e-02 -2.53506e+00
1.94300e-01 2.59249e-18 9.86862e-01 1.21228e+00 8.41178e-01 6.76088e-01 -1.79663e-02 -2.53507e+00
1.96205e-01 4.38307e-18 9.86287e-01 1.21211e+00 8.41114e-01 6.76091e-01 -1.79308e-02 -2.53507e+00
1.98110e-01 6.65461e-18 9.85698e-01 1.21195e+00 8.41052e-01 6.76094e-01 -1.78968e-02 -2.53508e+00
2.00014e-01 9.10497e-18 9.85095e-01 1.21179e+00 8.40991e-01 6.76096e-01 -1.78642e-02 -2.53509e+00
2.01919e-01 1.11312e-17 9.84479e-01 1.21164e+00 8.40932e-01 6.76099e-01 -1.78329e-02 -2.53509e+00
2.03824e-01 1.18004e-17 9.83849e-01 1.21149e+00 8.40874e-01 6.76101e-01 -1.78030e-02 -2.53510e+00
2.05729e-01 9.89535e-18 9.83205e-01 1.21134e+00 8.40817e-01 6.76104e-01 -1.77742e-02 -2.53510e+00
2.07634e-01 4.06187e-18 9.82549e-01 1.21120e+00 8.40762e-01 6.76106e-01 -1.77467e-02 -2.53511e+00
2.09539e-01 -6.92891e-18 9.81880e-01 1.21106e+00 8.40708e-01 6.76108e-01 -1.77202e-02 -2.53511e+00
2.11444e-01 -2.38104e-17 9.81199e-01 1.21092e+00 8.40656e-01 6.76110e-01 -1.76948e-02 -2.53512e+00
2.13349e-01 -4.63802e-17 9.80505e-01 1.21079e+00 8.40605e-01 6.76112e-01 -1.76705e-02 -2.53512e+00
2.15254e-01 -7.30570e-17 9.79800e-01 1.21066e+00 8.40555e-01 6.76114e-01 -1.76471e-02 -2.53513e+00
2.17159e-01 -1.00531e-16 9.79084e-01 1.21053e+00 8.40506e-01 6.76116e-01 -1.76247e-02 -2.53513e+00
2.19063e-01 -1.23617e-16 9.78356e-01 1.21041e+00 8.40459e-01 6.76117e-01 -1.76032e-02 -2.53513e+00
2.20968e-01 -1.35434e-16 9.77618e-01 1.21029e+00 8.40412e-01 6.76119e-01 -1.75826e-02 -2.53514e+00
2.22873e-01 -1.27977e-16 9.76869e-01 1.21017e+00 8.40367e-01 6.76121e-01 -1.75627e-02 -2.53514e+00
2.24778e-01 -9.31571e-17 9.76110e-01 1.21006e+00 8.40323e-01 6.76122e-01 -1.75437e-02 -2.53514e+00
2.26683e-01 -2.42463e-17 9.75342e-01 1.20994e+00 8.40280e-01 6.76124e-01 -1.75254e-02 -2.53515e+00
2.28588e-01 8.23518e-17 9.74564e-01 1.20983e+00 8.40237e-01 6.76125e-01 -1.75079e-02 -2.53515e+00
2.30493e-01 2.25229e-16 9.73777e-01 1.20973e+00 8.40196e-01 6.76126e-01 -1.74911e-02 -2.53515e+00
2.32398e-01 3.96269e-16 9.72982e-01 1.20963e+00 8.40156e-01 6.76128e-01 -1.74749e-02 -2.53516e+00
2.34303e-01 5.79448e-16 9.72179e-01 1.20952e+00 8.40117e-01 6.76129e-01 -1.74594e-02 -2.53516e+00
2.36208e-01 7.50502e-16 9.71367e-01 1.20943e+00 8.40079e-01 6.76130e-01 -1.74446e-02 -2.53516e+00
2.38112e-01 8.77757e-16 9.70548e-01 1.20933e+00 8.40042e-01 6.76131e-01 -1.74303e-02 -2.53516e+00
2.40017e-01 9.24363e-16 9.69722e-01 1.20924e+00 8.40005e-01 6.76132e-01 -1.74166e-02 -2.53517e+00
2.41922e-01 8.51989e-16 9.68888e-01 1.20915e+00 8.39970e-01 6.76133e-01 -1.74034e-02 -2.53517e+00
2.43827e-01 6.25880e-16 9.68049e-01 1.20906e+00 8.39935e-01 6.76134e-01 -1.73908e-02 -2.53517e+00
2.45732e-01 2.20912e-16 9.67203e-01 1.20897e+00 8.39901e-01 6.76135e-01 -1.73787e-02 -2.53517e+00
2.47637e-01 -3.71878e-16 9.66351e-01 1.20889e+00 8.39868e-01 6.76136e-01 -1.73670e-02 -2.53518e+00
2.49542e-01 -1.13906e-15 9.65493e-01 1.20880e+00 8.39836e-01 6.76137e-01 -1.73559e-02 -2.53518e+00
2.51447e-01 -2.03976e-15 9.64630e-01 1.20872e+00 8.39804e-01 6.76138e-01 -1.73452e-02 -2.53518e+00
2.53352e-01 -3.00265e-15 9.63763e-01 1.20864e+00 8.39774e-01 6.76139e-01 -1.73349e-02 -2.53518e+00
2.55257e-01 -3.92595e-15 9.62890e-01 1.20857e+00 8.39744e-01 6.76140e-01 -1.73251e-02 -2.53518e+00
2.57161e-01 -4.68111e-15 9.62013e-01 1.20849e+00 8.39714e-01 6.76140e-01 -1.73156e-02 -2.53519e+00
2.59066e-01 -5.12042e-15 9.61132e-01 1.20842e+00 8.39686e-01 6.76141e-01 -1.73066e-02 -2.53519e+00
2.60971e-01 -5.08893e-15 9.60247e-01 1.20835e+00 8.39658e-01 6.76142e-01 -1.72979e-02 -2.53519e+00
2.62876e-01 -4.43983e-15 9.59359e-01 1.20828e+00 8.39631e-01 6.76142e-01 -1.72896e-02 -2.53519e+00
2.64781e-01 -3.05273e-15 9.58468e-01 1.20822e+00 8.39604e-01 6.76143e-01 -1.72817e-02 -2.53519e+00
2.66686e-01 -8.53390e-16 9.57573e-01 1.20815e+00 8.39579e-01 6.76144e-01 -1.72741e-02 -2.53519e+00
2.68591e-01 2.16698e-15 9.56676e-01 1.20809e+00 8.39553e-01 6.76144e-01 -1.72668e-02 -2.53519e+00
2.70496e-01 5.93466e-15 9.55776e-01 1.20803e+00 8.39529e-01 6.76145e-01 -1.72598e-02 -2.53520e+00
2.72401e-01 1.02808e-14 9.54874e-01 1.20797e+00 8.39505e-01 6.76145e-01 -1.72531e-02 -2.53520e+00
2.74306e-01 1.49355e-14 9.53970e-01 1.20791e+00 8.39482e-01 6.76146e-01 -1.72467e-02 -2.53520e+00
2.76210e-01 1.95295e-14 9.53064e-01 1.20785e+00 8.39459e-01 6.76146e-01 -1.72406e-02 -2.53520e+00
2.78115e-01 2.36062e-14 9.52157e-01 1.20780e+00 8.39437e-01 6.76147e-01 -1.72347e-02 -2.53520e+00
2.80020e-01 2.66434e-14 9.51248e-01 1.20774e+00 8.39415e-01 6.76147e-01 -1.72292e-02 -2.53520e+00
2.81925e-01 2.80848e-14 9.50339e-01 1.20769e+00 8.39395e-01 6.76148e-01 -1.72238e-02 -2.53520e+00
2.83830e-01 2.73806e-14 9.49428e-01 1.20764e+00 8.39374e-01 6.76148e-01 -1.72187e-02 -2.53520e+00
2.85735e-01 2.40352e-14 9.48517e-01 1.20759e+00 8.39354e-01 6.76148e-01 -1.72139e-02 -2.53520e+00
2.87640e-01 1.76588e-14 9.47605e-01 1.20754e+00 8.39335e-01 6.76149e-01 -1.72092e-02 -2.53520e+00
2.89545e-01 8.02028e-15 9.46693e-01 1.20750e+00 8.39316e-01 6.76149e-01 -1.72048e-02 -2.53521e+00
2.91450e-01 -4.90428e-15 9.45781e-01 1.20745e+00 8.39298e-01 6.76150e-01 -1.72006e-02 -2.53521e+00
2.93355e-01 -2.08892e-14 9.44868e-01 1.20741e+00 8.39280e-01 6.76150e-01 -1.71966e-02 -2.53521e+00
2.95259e-01 -3.94295e-14 9.43956e-01 1.20736e+00 8.39263e-01 6.76150e-01 -1.71928e-02 -2.53521e+00
2.97164e-01 -5.97257e-14 9.43045e-01 1.20732e+00 8.39247e-01 6.76150e-01 -1.71892e-02 -2.53521e+00
2.99069e-01 -8.06883e-14 9.42134e-01 1.20728e+00 8.39230e-01 6.76151e-01 -1.71857e-02 -2.53521e+00
3.00974e-01 -1.00962e-13 9.41224e-01 1.20724e+00 8.39215e-01 6.76151e-01 -1.71824e-02 -2.53521e+00
3.02879e-01 -1.18974e-13 9.40315e-01 1.20721e+00 8.39199e-01 6.76151e-01 -1.71793e-02 -2.53521e+00
3.04784e-01 -1.32999e-13 9.39406e-01 1.20717e+00 8.39185e-01 6.76151e-01 -1.71764e-02 -2.53521e+00
3.06689e-01 -1.41250e-13 9.38499e-01 1.20714e+00 8.39170e-01 6.76152e-01 -1.71736e-02 -2.53521e+00
3.08594e-01 -1.41981e-13 9.37593e-01 1.20710e+00 8.39156e-01 6.76152e-01 -1.71709e-02 -2.53521e+00
3.10499e-01 -1.33606e-13 9.36689e-01 1.20707e+00 8.39143e-01 6.76152e-01 -1.71684e-02 -2.53521e+00
3.12404e-01 -1.14817e-13 9.35786e-01 1.20704e+00 8.39130e-01 6.76152e-01 -1.71661e-02 -2.53521e+00
3.14308e-01 -8.47128e-14 9.34885e-01 1.20701e+00 8.39118e-01 6.76152e-01 -1.71639e-02 -2.53521e+00
3.16213e-01 -4.29070e-14 9.33986e-01 1.20698e+00 8.39106e-01 6.76153e-01 -1.71618e-02 -2.53521e+00
3.18118e-01 1.03682e-14 9.33089e-01 1.20695e+00 8.39094e-01 6.76153e-01 -1.71598e-02 -2.53521e+00
3.20023e-01 7.41865e-14 9.32194e-01 1.20693e+00 8.39083e-01 6.76153e-01 -1.71579e-02 -2.53521e+00
3.21928e-01 1.46879e-13 9.31300e-01 1.20690e+00 8.39072e-01 6.76153e-01 -1.71562e-02 -2.53521e+00
3.23833e-01 2.26023e-13 9.30410e-01 1.20687e+00 8.39062e-01 6.76153e-01 -1.71545e-02 -2.53521e+00
3.25738e-01 3.08461e-13 9.29521e-01 1.20685e+00 8.39052e-01 6.76153e-01 -1.71530e-02 -2.53521e+00
3.27643e-01 3.90375e-13 9.28635e-01 1.20683e+00 8.39042e-01 6.76153e-01 -1.71516e-02 -2.53522e+00
3.29548e-01 4.67389e-13 9.27752e-01 1.20681e+00 8.39033e-01 6.76154e-01 -1.71502e-02 -2.53522e+00
3.31453e-01 5.34718e-13 9.26871e-01 1.20678e+00 8.39024e-01 6.76154e-01 -1.71490e-02 -2.53522e+00
3.33357e-01 5.87356e-13 9.25993e-01 1.20676e+00 8.39016e-01 6.76154e-01 -1.71478e-02 -2.53522e+00
3.35262e-01 6.20285e-13 9.25118e-01 1.20675e+00 8.39008e-01 6.76154e-01 -1.71468e-02 -2.53522e+00
3.37167e-01 6.28718e-13 9.24246e-01 1.20673e+00 8.39000e-01 6.76154e-01 -1.71458e-02 -2.53522e+00
3.39072e-01 6.08346e-13 9.23377e-01 1.20671e+00 8.38993e-01 6.76154e-01 -1.71449e-02 -2.53522e+00
3.40977e-01 5.55588e-13 9.22510e-01 1.20669e+00 8.38986e-01 6.76154e-01 -1.71440e-02 -2.53522e+00
3.42882e-01 4.67835e-13 9.21647e-01 1.20668e+00 8.38979e-01 6.76154e-01 -1.71433e-02 -2.53522e+00
3.44787e-01 3.43653e-13 9.20787e-01 1.20667e+00 8.38973e-01 6.76154e-01 -1.71426e-02 -2.53522e+00
3.46692e-01 1.82950e-13 9.19931e-01 1.20665e+00 8.38968e-01 6.76154e-01 -1.71419e-02 -2.53522e+00
3.48597e-01 -1.29205e-14 9.19077e-01 1.20664e+00 8.38962e-01 6.76154e-01 -1.71413e-02 -2.53522e+00
3.50502e-01 -2.41147e-13 9.18227e-01 1.20663e+00 8.38957e-01 6.76154e-01 -1.71408e-02 -2.53522e+00
3.52406e-01 -4.97541e-13 9.17381e-01 1.20662e+00 8.38952e-01 6.76154e-01 -1.71404e-02 -2.53522e+00
3.54311e-01 -7.76734e-13 9.16537e-01 1.20661e+00 8.38948e-01 6.76154e-01 -1.71399e-02 -2.53522e+00
3.56216e-01 -1.07249e-12 9.15698e-01 1.20660e+00 8.38944e-01 6.76154e-01 -1.71396e-02 -2.53522e+00
3.58121e-01 -1.37815e-12 9.14861e-01 1.20659e+00 8.38940e-01 6.76154e-01 -1.71393e-02 -2.53522e+00
3.60026e-01 -1.68709e-12 9.14027e-01 1.20658e+00 8.38937e-01 6.76154e-01 -1.71390e-02 -2.53522e+00
3.61931e-01 -1.99328e-12 9.13197e-01 1.20657e+00 8.38934e-01 6.76154e-01 -1.71387e-02 -2.53522e+00
3.63836e-01 -2.29175e-12 9.12369e-01 1.20657e+00 8.38931e-01 6.76155e-01 -1.71385e-02 -2.53522e+00
3.65741e-01 -2.57902e-12 9.11544e-01 1.20656e+00 8.38929e-01 6.76155e-01 -1.71384e-02 -2.53522e+00
3.67646e-01 -2.85328e-12 9.10721e-01 1.20656e+00 8.38927e-01 6.76155e-01 -1.71382e-02 -2.53522e+00
3.69551e-01 -3.11455e-12 9.09900e-01 1.20655e+00 8.38926e-01 6.76155e-01 -1.71381e-02 -2.53522e+00
3.71455e-01 -3.36449e-12 9.09080e-01 1.20655e+00 8.38924e-01 6.76155e-01 -1.71380e-02 -2.53522e+00
3.73360e-01 -3.60604e-12 9.08261e-01 1.20655e+00 8.38923e-01 6.76155e-01 -1.71380e-02 -2.53522e+00
3.75265e-01 -3.84261e-12 9.07442e-01 1.20655e+00 8.38923e-01 6.76155e-01 -1.71380e-02 -2.53522e+00
3.77170e-01 -4.07708e-12 9.06624e-01 1.20655e+00 8.38922e-01 6.76155e-01 -1.71379e-02 -2.53522e+00
3.79075e-01 -4.31109e-12 9.05806e-01 1.20655e+00 8.38922e-01 6.76155e-01 -1.71379e-02 -2.53522e+00
