# x AR CA ca co phi u v
0.00000e+00 6.00000e-01 3.00000e-01 4.99135e-01 4.99135e-01 8.00000e-01 1.00000e+00 -4.28317e+00
1.90490e-03 6.98391e-01 1.85210e-01 5.53605e-01 5.23632e-01 8.08315e-01 1.26646e+00 -4.29201e+00
3.80980e-03 7.53737e-01 1.20641e-01 6.01649e-01 5.45207e-01 8.10993e-01 1.35580e+00 -4.29448e+00
5.71470e-03 7.86925e-01 8.19208e-02 6.46235e-01 5.65257e-01 8.11290e-01 1.36583e+00 -4.29474e+00
7.61960e-03 8.07539e-01 5.78708e-02 6.88773e-01 5.84449e-01 8.10675e-01 1.34509e+00 -4.29420e+00
9.52450e-03 8.20654e-01 4.25700e-02 7.29980e-01 6.03121e-01 8.09806e-01 1.31599e+00 -4.29341e+00
1.14294e-02 8.29158e-01 3.26493e-02 7.70239e-01 6.21457e-01 8.08963e-01 1.28793e+00 -4.29263e+00
1.33343e-02 8.34756e-01 2.61176e-02 8.09762e-01 6.39555e-01 8.08246e-01 1.26420e+00 -4.29195e+00
1.52392e-02 8.38482e-01 2.17708e-02 8.48667e-01 6.57472e-01 8.07675e-01 1.24538e+00 -4.29139e+00
1.71441e-02 8.40971e-01 1.88667e-02 8.87024e-01 6.75239e-01 8.07237e-01 1.23100e+00 -4.29097e+00
1.90490e-02 8.42624e-01 1.69383e-02 9.24877e-01 6.92876e-01 8.06910e-01 1.22028e+00 -4.29064e+00
2.09539e-02 8.43700e-01 1.56835e-02 9.62256e-01 7.10397e-01 8.06669e-01 1.21242e+00 -4.29040e+00
2.28588e-02 8.44371e-01 1.49001e-02 9.99178e-01 7.27808e-01 8.06495e-01 1.20674e+00 -4.29023e+00
2.47637e-02 8.44761e-01 1.44456e-02 1.03566e+00 7.45114e-01 8.06371e-01 1.20269e+00 -4.29010e+00
2.66686e-02 8.44959e-01 1.42142e-02 1.07171e+00 7.62321e-01 8.06283e-01 1.19985e+00 -4.29001e+00
2.85735e-02 8.45036e-01 1.41241e-02 1.10735e+00 7.79430e-01 8.06223e-01 1.19789e+00 -4.28995e+00
3.04784e-02 8.45048e-01 1.41111e-02 1.14257e+00 7.96444e-01 8.06182e-01 1.19656e+00 -4.28991e+00
3.23833e-02 8.45033e-01 1.41284e-02 1.17738e+00 8.13362e-01 8.06155e-01 1.19567e+00 -4.28988e+00
3.42882e-02 8.45014e-01 1.41498e-02 1.21179e+00 8.30186e-01 8.06136e-01 1.19506e+00 -4.28986e+00
3.61931e-02 8.44989e-01 1.41801e-02 1.24580e+00 8.46916e-01 8.06123e-01 1.19464e+00 -4.28985e+00
3.80980e-02 6.62185e-01 3.12330e-02 1.27942e+00 8.63552e-01 8.06114e-01 1.19434e+00 -4.28984e+00
4.00029e-02 4.34014e-01 5.32128e-02 1.29492e+00 8.71412e-01 7.96919e-01 9.05328e-01 -4.27947e+00
4.19078e-02 2.07914e-01 7.63568e-02 1.29963e+00 8.74034e-01 7.85840e-01 5.82114e-01 -4.26448e+00
4.38127e-02 6.35501e-02 9.37105e-02 1.29894e+00 8.74034e-01 7.76518e-01 3.29867e-01 -4.25007e+00
4.57176e-02 1.08426e-02 1.05522e-01 1.29647e+00 8.73165e-01 7.70088e-01 1.65745e-01 -4.23931e+00
4.76225e-02 8.20733e-04 1.22965e-01 1.29370e+00 8.72143e-01 7.66106e-01 6.79184e-02 -4.23234e+00
4.95274e-02 1.06465e-05 2.14890e-01 1.29094e+00 8.71122e-01 7.63734e-01 1.10035e-02 -4.22809e+00
5.14323e-02 2.18753e-10 2.59997e-01 1.28826e+00 8.70131e-01 7.62347e-01 -2.18078e-02 -4.22557e+00
5.33372e-02 -1.58698e-12 8.65828e-02 1.28568e+00 8.69177e-01 7.61552e-01 -4.04769e-02 -4.22412e+00
5.52421e-02 -3.22439e-16 1.21231e-01 1.28314e+00 8.68236e-01 7.61088e-01 -5.13208e-02 -4.22327e+00
5.71470e-02 -6.73458e-19 1.60276e-01 1.28066e+00 8.67313e-01 7.60823e-01 -5.74793e-02 -4.22278e+00
5.90519e-02 -4.90691e-21 1.99114e-01 1.27824e+00 8.66411e-01 7.60681e-01 -6.08016e-02 -4.22252e+00
6.09568e-02 6.55824e-20 2.38066e-01 1.27589e+00 8.65533e-01 7.60612e-01 -6.23920e-02 -4.22239e+00
6.28617e-02 -7.93359e-20 2.77059e-01 1.27361e+00 8.64681e-01 7.60590e-01 -6.29146e-02 -4.22235e+00
6.47666e-02 -8.80870e-20 3.15811e-01 1.27140e+00 8.63855e-01 7.60596e-01 -6.27718e-02 -4.22236e+00
6.66715e-02 -2.17274e-20 3.53943e-01 1.26926e+00 8.63057e-01 7.60620e-01 -6.22103e-02 -4.22240e+00
6.85764e-02 -4.87129e-20 3.91053e-01 1.26720e+00 8.62288e-01 7.60655e-01 -6.13840e-02 -4.22247e+00
7.04813e-02 -4.58239e-20 4.26755e-01 1.26521e+00 8.61548e-01 7.60698e-01 -6.03908e-02 -4.22255e+00
7.23862e-02 -7.08372e-20 4.60713e-01 1.26330e+00 8.60836e-01 7.60745e-01 -5.92949e-02 -4.22264e+00
7.42911e-02 -1.47051e-20 4.92649e-01 1.26146e+00 8.60153e-01 7.60795e-01 -5.81395e-02 -4.22273e+00
7.61960e-02 -5.70216e-20 5.22356e-01 1.25970e+00 8.59498e-01 7.60846e-01 -5.69546e-02 -4.22282e+00
7.81009e-02 -2.38435e-20 5.49689e-01 1.25800e+00 8.58871e-01 7.60897e-01 -5.57619e-02 -4.22291e+00
8.00058e-02 -1.86095e-20 5.74574e-01 1.25637e+00 8.58269e-01 7.60948e-01 -5.45772e-02 -4.22301e+00
8.19107e-02 -1.32666e-20 5.96991e-01 1.25480e+00 8.57694e-01 7.60998e-01 -5.34121e-02 -4.22310e+00
8.38156e-02 6.11867e-20 6.16978e-01 1.25330e+00 8.57144e-01 7.61047e-01 -5.22753e-02 -4.22319e+00
8.57205e-02 -2.63575e-20 6.34620e-01 1.25186e+00 8.56617e-01 7.61094e-01 -5.11733e-02 -4.22328e+00
8.76254e-02 -2.36083e-20 6.50041e-01 1.25047e+00 8.56113e-01 7.61139e-01 -5.01107e-02 -4.22336e+00
8.95303e-02 -1.06525e-20 6.63398e-01 1.24914e+00 8.55630e-01 7.61183e-01 -4.90906e-02 -4.22344e+00
9.14352e-02 1.27582e-20 6.74875e-01 1.24787e+00 8.55168e-01 7.61225e-01 -4.81148e-02 -4.22352e+00
9.33401e-02 2.22835e-20 6.84666e-01 1.24664e+00 8.54726e-01 7.61265e-01 -4.71844e-02 -4.22359e+00
9.52450e-02 2.39241e-21 6.92973e-01 1.24546e+00 8.54302e-01 7.61303e-01 -4.62994e-02 -4.22366e+00
9.71499e-02 -4.62152e-21 6.99996e-01 1.24433e+00 8.53896e-01 7.61339e-01 -4.54594e-02 -4.22373e+00
9.90548e-02 -1.26118e-20 7.05921e-01 1.24324e+00 8.53507e-01 7.61373e-01 -4.46635e-02 -4.22379e+00
1.00960e-01 1.68008e-20 7.10920e-01 1.24219e+00 8.53134e-01 7.61405e-01 -4.39102e-02 -4.22385e+00
1.02865e-01 -6.11020e-21 7.15144e-01 1.24118e+00 8.52775e-01 7.61435e-01 -4.31979e-02 -4.22391e+00
1.04769e-01 -6.96679e-19 7.18722e-01 1.24021e+00 8.52431e-01 7.61464e-01 -4.25249e-02 -4.22396e+00
1.06674e-01 -2.15903e-17 7.21765e-01 1.23927e+00 8.52100e-01 7.61491e-01 -4.18892e-02 -4.22401e+00
1.08579e-01 -6.96511e-16 7.24361e-01 1.23837e+00 8.51782e-01 7.61517e-01 -4.12890e-02 -4.22405e+00
1.10484e-01 -2.28929e-14 7.26585e-01 1.23749e+00 8.51476e-01 7.61541e-01 -4.07223e-02 -4.22410e+00
1.12389e-01 -7.66188e-13 7.28496e-01 1.23665e+00 8.51182e-01 7.61564e-01 -4.01870e-02 -4.22414e+00
1.14294e-01 -2.60888e-11 7.30142e-01 1.23584e+00 8.50899e-01 7.61586e-01 -3.96815e-02 -4.22418e+00
1.16199e-01 -3.23562e-11 7.31562e-01 1.23506e+00 8.50625e-01 7.61606e-01 -3.92039e-02 -4.22422e+00
1.18104e-01 -3.95314e-11 7.32788e-01 1.23430e+00 8.50362e-01 7.61625e-01 -3.87526e-02 -4.22425e+00
1.20009e-01 -4.76829e-11 7.33847e-01 1.23356e+00 8.50108e-01 7.61644e-01 -3.83258e-02 -4.22429e+00
1.21914e-01 -5.68766e-11 7.34760e-01 1.23286e+00 8.49863e-01 7.61661e-01 -3.79221e-02 -4.22432e+00
1.23818e-01 -6.71684e-11 7.35546e-01 1.23217e+00 8.49627e-01 7.61677e-01 -3.75401e-02 -4.22435e+00
1.25723e-01 -7.85988e-11 7.36220e-01 1.23151e+00 8.49398e-01 7.61693e-01 -3.71784e-02 -4.22438e+00
1.27628e-01 -9.11908e-11 7.36795e-01 1.23086e+00 8.49177e-01 7.61707e-01 -3.68358e-02 -4.22440e+00
1.29533e-01 -1.04951e-10 7.37283e-01 1.23024e+00 8.48964e-01 7.61721e-01 -3.65112e-02 -4.22443e+00
1.31438e-01 -1.19871e-10 7.37692e-01 1.22964e+00 8.48757e-01 7.61734e-01 -3.62033e-02 -4.22445e+00
1.33343e-01 -1.35929e-10 7.38032e-01 1.22906e+00 8.48558e-01 7.61747e-01 -3.59113e-02 -4.22448e+00
1.35248e-01 -1.53092e-10 7.38309e-01 1.22849e+00 8.48364e-01 7.61759e-01 -3.56342e-02 -4.22450e+00
1.37153e-01 -1.71317e-10 7.38529e-01 1.22794e+00 8.48177e-01 7.61770e-01 -3.53710e-02 -4.22452e+00
1.39058e-01 -1.90553e-10 7.38699e-01 1.22741e+00 8.47996e-01 7.61780e-01 -3.51211e-02 -4.22454e+00
1.40963e-01 -2.10741e-10 7.38822e-01 1.22689e+00 8.47820e-01 7.61791e-01 -3.48835e-02 -4.22456e+00
1.42867e-01 -2.31818e-10 7.38904e-01 1.22639e+00 8.47650e-01 7.61800e-01 -3.46575e-02 -4.22457e+00
1.44772e-01 -2.53716e-10 7.38947e-01 1.22590e+00 8.47485e-01 7.61809e-01 -3.44426e-02 -4.22459e+00
1.46677e-01 -2.76367e-10 7.38956e-01 1.22543e+00 8.47325e-01 7.61818e-01 -3.42381e-02 -4.22461e+00
1.48582e-01 -2.99699e-10 7.38932e-01 1.22497e+00 8.47169e-01 7.61826e-01 -3.40434e-02 -4.22462e+00
1.50487e-01 -3.23642e-10 7.38879e-01 1.22453e+00 8.47018e-01 7.61834e-01 -3.38579e-02 -4.22464e+00
1.52392e-01 -3.48128e-10 7.38798e-01 1.22409e+00 8.46872e-01 7.61842e-01 -3.36812e-02 -4.22465e+00
1.54297e-01 -3.73090e-10 7.38693e-01 1.22367e+00 8.46729e-01 7.61849e-01 -3.35127e-02 -4.22466e+00
1.56202e-01 -3.98467e-10 7.38564e-01 1.22326e+00 8.46591e-01 7.61856e-01 -3.33520e-02 -4.22468e+00
1.58107e-01 -4.24200e-10 7.38414e-01 1.22287e+00 8.46457e-01 7.61862e-01 -3.31988e-02 -4.22469e+00
1.60012e-01 -4.50234e-10 7.38244e-01 1.22248e+00 8.46326e-01 7.61869e-01 -3.30525e-02 -4.22470e+00
1.61916e-01 -4.76521e-10 7.38056e-01 1.22210e+00 8.46199e-01 7.61875e-01 -3.29129e-02 -4.22471e+00
1.63821e-01 -5.03016e-10 7.37850e-01 1.22174e+00 8.46076e-01 7.61880e-01 -3.27796e-02 -4.22472e+00
1.65726e-01 -5.29679e-10 7.37628e-01 1.22138e+00 8.45956e-01 7.61886e-01 -3.26523e-02 -4.22473e+00
1.67631e-01 -5.56477e-10 7.37390e-01 1.22104e+00 8.45839e-01 7.61891e-01 -3.25306e-02 -4.22474e+00
1.69536e-01 -5.83380e-10 7.37139e-01 1.22070e+00 8.45725e-01 7.61896e-01 -3.24143e-02 -4.22475e+00
1.71441e-01 -6.10363e-10 7.36874e-01 1.22037e+00 8.45614e-01 7.61901e-01 -3.23030e-02 -4.22476e+00
1.73346e-01 -6.37403e-10 7.36598e-01 1.22005e+00 8.45507e-01 7.61905e-01 -3.21967e-02 -4.22477e+00
1.75251e-01 -6.64484e-10 7.36309e-01 1.21974e+00 8.45402e-01 7.61909e-01 -3.20949e-02 -4.22477e+00
1.77156e-01 -6.91591e-10 7.36009e-01 1.21944e+00 8.45299e-01 7.61914e-01 -3.19976e-02 -4.22478e+00
1.79061e-01 -7.18713e-10 7.35700e-01 1.21915e+00 8.45200e-01 7.61918e-01 -3.19044e-02 -4.22479e+00
1.80965e-01 -7.45840e-10 7.35380e-01 1.21886e+00 8.45103e-01 7.61921e-01 -3.18152e-02 -4.22480e+00
1.82870e-01 -7.72965e-10 7.35052e-01 1.21858e+00 8.45008e-01 7.61925e-01 -3.17297e-02 -4.22480e+00
1.84775e-01 -8.00084e-10 7.34715e-01 1.21831e+00 8.44916e-01 7.61928e-01 -3.16479e-02 -4.22481e+00
1.86680e-01 -8.27193e-10 7.34370e-01 1.21804e+00 8.44826e-01 7.61932e-01 -3.15695e-02 -4.22481e+00
1.88585e-01 -8.54289e-10 7.34018e-01 1.21779e+00 8.44739e-01 7.61935e-01 -3.14944e-02 -4.22482e+00
1.90490e-01 -8.81371e-10 7.33658e-01 1.21753e+00 8.44653e-01 7.61938e-01 -3.14224e-02 -4.22483e+00
1.92395e-01 -9.08437e-10 7.33292e-01 1.21729e+00 8.44570e-01 7.61941e-01 -3.13535e-02 -4.22483e+00
1.94300e-01 -9.35487e-10 7.32920e-01 1.21705e+00 8.44489e-01 7.61944e-01 -3.12873e-02 -4.22484e+00
1.96205e-01 -9.62522e-10 7.32541e-01 1.21682e+00 8.44409e-01 7.61947e-01 -3.12239e-02 -4.22484e+00
1.98110e-01 -9.89542e-10 7.32157e-01 1.21659e+00 8.44332e-01 7.61949e-01 -3.11631e-02 -4.22485e+00
2.00014e-01 -1.01655e-09 7.31768e-01 1.21637e+00 8.44257e-01 7.61952e-01 -3.11047e-02 -4.22485e+00
2.01919e-01 -1.04354e-09 7.31374e-01 1.21615e+00 8.44183e-01 7.61954e-01 -3.10488e-02 -4.22486e+00
2.03824e-01 -1.07052e-09 7.30975e-01 1.21594e+00 8.44111e-01 7.61956e-01 -3.09951e-02 -4.22486e+00
2.05729e-01 -1.09748e-09 7.30571e-01 1.21574e+00 8.44041e-01 7.61958e-01 -3.09436e-02 -4.22486e+00
2.07634e-01 -1.12444e-09 7.30164e-01 1.21554e+00 8.43973e-01 7.61961e-01 -3.08942e-02 -4.22487e+00
2.09539e-01 -1.15138e-09 7.29752e-01 1.21535e+00 8.43906e-01 7.61963e-01 -3.08467e-02 -4.22487e+00
2.11444e-01 -1.17832e-09 7.29336e-01 1.21516e+00 8.43841e-01 7.61965e-01 -3.08012e-02 -4.22487e+00
2.13349e-01 -1.20524e-09 7.28917e-01 1.21497e+00 8.43777e-01 7.61966e-01 -3.07575e-02 -4.22488e+00
2.15254e-01 -1.23216e-09 7.28495e-01 1.21479e+00 8.43715e-01 7.61968e-01 -3.07156e-02 -4.22488e+00
2.17159e-01 -1.25907e-09 7.28069e-01 1.21462e+00 8.43654e-01 7.61970e-01 -3.06753e-02 -4.22488e+00
2.19063e-01 -1.28597e-09 7.27641e-01 1.21445e+00 8.43595e-01 7.61972e-01 -3.06367e-02 -4.22489e+00
2.20968e-01 -1.31287e-09 7.27209e-01 1.21428e+00 8.43537e-01 7.61973e-01 -3.05996e-02 -4.22489e+00
2.22873e-01 -1.33976e-09 7.26775e-01 1.21412e+00 8.43481e-01 7.61975e-01 -3.05640e-02 -4.22489e+00
2.24778e-01 -1.36664e-09 7.26338e-01 1.21396e+00 8.43426e-01 7.61976e-01 -3.05298e-02 -4.22490e+00
2.26683e-01 -1.39352e-09 7.25899e-01 1.21381e+00 8.43372e-01 7.61978e-01 -3.04970e-02 -4.22490e+00
2.28588e-01 -1.42040e-09 7.25457e-01 1.21366e+00 8.43319e-01 7.61979e-01 -3.04654e-02 -4.22490e+00
2.30493e-01 -1.44727e-09 7.25014e-01 1.21351e+00 8.43268e-01 7.61980e-01 -3.04352e-02 -4.22490e+00
2.32398e-01 -1.47413e-09 7.24568e-01 1.21337e+00 8.43218e-01 7.61981e-01 -3.04061e-02 -4.22491e+00
2.34303e-01 -1.50100e-09 7.24120e-01 1.21323e+00 8.43169e-01 7.61983e-01 -3.03783e-02 -4.22491e+00
2.36208e-01 -1.52786e-09 7.23670e-01 1.21309e+00 8.43121e-01 7.61984e-01 -3.03515e-02 -4.22491e+00
2.38112e-01 -1.55472e-09 7.23218e-01 1.21296e+00 8.43075e-01 7.61985e-01 -3.03258e-02 -4.22491e+00
2.40017e-01 -1.58157e-09 7.22765e-01 1.21283e+00 8.43029e-01 7.61986e-01 -3.03012e-02 -4.22491e+00
2.41922e-01 -1.60843e-09 7.22310e-01 1.21271e+00 8.42985e-01 7.61987e-01 -3.02775e-02 -4.22492e+00
2.43827e-01 -1.63528e-09 7.21853e-01 1.21258e+00 8.42941e-01 7.61988e-01 -3.02548e-02 -4.22492e+00
2.45732e-01 -1.66213e-09 7.21395e-01 1.21246e+00 8.42899e-01 7.61989e-01 -3.02330e-02 -4.22492e+00
2.47637e-01 -1.68898e-09 7.20935e-01 1.21235e+00 8.42858e-01 7.61990e-01 -3.02122e-02 -4.22492e+00
2.49542e-01 -1.71582e-09 7.20474e-01 1.21224e+00 8.42817e-01 7.61990e-01 -3.01921e-02 -4.22492e+00
2.51447e-01 -1.74267e-09 7.20012e-01 1.21213e+00 8.42778e-01 7.61991e-01 -3.01729e-02 -4.22492e+00
2.53352e-01 -1.76951e-09 7.19548e-01 1.21202e+00 8.42740e-01 7.61992e-01 -3.01545e-02 -4.22493e+00
2.55257e-01 -1.79636e-09 7.19084e-01 1.21192e+00 8.42702e-01 7.61993e-01 -3.01368e-02 -4.22493e+00
2.57161e-01 -1.82320e-09 7.18618e-01 1.21181e+00 8.42666e-01 7.61994e-01 -3.01198e-02 -4.22493e+00
2.59066e-01 -1.85004e-09 7.18151e-01 1.21172e+00 8.42630e-01 7.61994e-01 -3.01036e-02 -4.22493e+00
2.60971e-01 -1.87689e-09 7.17683e-01 1.21162e+00 8.42595e-01 7.61995e-01 -3.00881e-02 -4.22493e+00
2.62876e-01 -1.90373e-09 7.17214e-01 1.21153e+00 8.42561e-01 7.61996e-01 -3.00732e-02 -4.22493e+00
2.64781e-01 -1.93057e-09 7.16744e-01 1.21144e+00 8.42528e-01 7.61996e-01 -3.00589e-02 -4.22493e+00
2.66686e-01 -1.95741e-09 7.16273e-01 1.21135e+00 8.42496e-01 7.61997e-01 -3.00452e-02 -4.22493e+00
2.68591e-01 -1.98425e-09 7.15802e-01 1.21126e+00 8.42464e-01 7.61997e-01 -3.00322e-02 -4.22493e+00
2.70496e-01 -2.01109e-09 7.15329e-01 1.21118e+00 8.42434e-01 7.61998e-01 -3.00196e-02 -4.22494e+00
2.72401e-01 -2.03793e-09 7.14856e-01 1.21110e+00 8.42404e-01 7.61998e-01 -3.00077e-02 -4.22494e+00
2.74306e-01 -2.06477e-09 7.14382e-01 1.21102e+00 8.42375e-01 7.61999e-01 -2.99962e-02 -4.22494e+00
2.76210e-01 -2.09162e-09 7.13907e-01 1.21094e+00 8.42346e-01 7.61999e-01 -2.99853e-02 -4.22494e+00
2.78115e-01 -2.11846e-09 7.13431e-01 1.21087e+00 8.42319e-01 7.62000e-01 -2.99748e-02 -4.22494e+00
2.80020e-01 -2.14530e-09 7.12955e-01 1.21080e+00 8.42292e-01 7.62000e-01 -2.99649e-02 -4.22494e+00
2.81925e-01 -2.17214e-09 7.12478e-01 1.21073e+00 8.42266e-01 7.62001e-01 -2.99553e-02 -4.22494e+00
2.83830e-01 -2.19899e-09 7.12001e-01 1.21066e+00 8.42240e-01 7.62001e-01 -2.99462e-02 -4.22494e+00
2.85735e-01 -2.22583e-09 7.11523e-01 1.21059e+00 8.42215e-01 7.62001e-01 -2.99376e-02 -4.22494e+00
2.87640e-01 -2.25268e-09 7.11044e-01 1.21053e+00 8.42191e-01 7.62002e-01 -2.99293e-02 -4.22494e+00
2.89545e-01 -2.27952e-09 7.10565e-01 1.21047e+00 8.42168e-01 7.62002e-01 -2.99214e-02 -4.22494e+00
2.91450e-01 -2.30637e-09 7.10085e-01 1.21041e+00 8.42145e-01 7.62002e-01 -2.99139e-02 -4.22494e+00
2.93355e-01 -2.33321e-09 7.09605e-01 1.21035e+00 8.42123e-01 7.62003e-01 -2.99068e-02 -4.22494e+00
2.95259e-01 -2.36006e-09 7.09124e-01 1.21029e+00 8.42102e-01 7.62003e-01 -2.99000e-02 -4.22494e+00
2.97164e-01 -2.38691e-09 7.08643e-01 1.21024e+00 8.42081e-01 7.62003e-01 -2.98936e-02 -4.22495e+00
2.99069e-01 -2.41376e-09 7.08161e-01 1.21019e+00 8.42061e-01 7.62003e-01 -2.98874e-02 -4.22495e+00
3.00974e-01 -2.44061e-09 7.07679e-01 1.21013e+00 8.42041e-01 7.62004e-01 -2.98816e-02 -4.22495e+00
3.02879e-01 -2.46746e-09 7.07197e-01 1.21009e+00 8.42022e-01 7.62004e-01 -2.98761e-02 -4.22495e+00
3.04784e-01 -2.49431e-09 7.06714e-01 1.21004e+00 8.42004e-01 7.62004e-01 -2.98709e-02 -4.22495e+00
3.06689e-01 -2.52116e-09 7.06231e-01 1.20999e+00 8.41986e-01 7.62004e-01 -2.98660e-02 -4.22495e+00
3.08594e-01 -2.54801e-09 7.05747e-01 1.20995e+00 8.41969e-01 7.62005e-01 -2.98613e-02 -4.22495e+00
3.10499e-01 -2.57487e-09 7.05263e-01 1.20990e+00 8.41952e-01 7.62005e-01 -2.98569e-02 -4.22495e+00
3.12404e-01 -2.60172e-09 7.04779e-01 1.20986e+00 8.41936e-01 7.62005e-01 -2.98527e-02 -4.22495e+00
3.14308e-01 -2.62858e-09 7.04294e-01 1.20982e+00 8.41920e-01 7.62005e-01 -2.98488e-02 -4.22495e+00
3.16213e-01 -2.65544e-09 7.03809e-01 1.20979e+00 8.41905e-01 7.62005e-01 -2.98451e-02 -4.22495e+00
3.18118e-01 -2.68229e-09 7.03324e-01 1.20975e+00 8.41891e-01 7.62005e-01 -2.98416e-02 -4.22495e+00
3.20023e-01 -2.70915e-09 7.02838e-01 1.20971e+00 8.41877e-01 7.62006e-01 -2.98383e-02 -4.22495e+00
3.21928e-01 -2.73602e-09 7.02352e-01 1.20968e+00 8.41864e-01 7.62006e-01 -2.98353e-02 -4.22495e+00
3.23833e-01 -2.76288e-09 7.01866e-01 1.20965e+00 8.41851e-01 7.62006e-01 -2.98324e-02 -4.22495e+00
3.25738e-01 -2.78974e-09 7.01380e-01 1.20962e+00 8.41838e-01 7.62006e-01 -2.98297e-02 -4.22495e+00
3.27643e-01 -2.81660e-09 7.00893e-01 1.20959e+00 8.41827e-01 7.62006e-01 -2.98272e-02 -4.22495e+00
3.29548e-01 -2.84347e-09 7.00406e-01 1.20956e+00 8.41815e-01 7.62006e-01 -2.98249e-02 -4.22495e+00
3.31453e-01 -2.87034e-09 6.99919e-01 1.20953e+00 8.41804e-01 7.62006e-01 -2.98227e-02 -4.22495e+00
3.33357e-01 -2.89720e-09 6.99431e-01 1.20951e+00 8.41794e-01 7.62006e-01 -2.98207e-02 -4.22495e+00
3.35262e-01 -2.92407e-09 6.98944e-01 1.20948e+00 8.41784e-01 7.62006e-01 -2.98189e-02 -4.22495e+00
3.37167e-01 -2.95094e-09 6.98456e-01 1.20946e+00 8.41775e-01 7.62006e-01 -2.98172e-02 -4.22495e+00
3.39072e-01 -2.97781e-09 6.97968e-01 1.20944e+00 8.41766e-01 7.62007e-01 -2.98156e-02 -4.22495e+00
3.40977e-01 -3.00468e-09 6.97480e-01 1.20942e+00 8.41757e-01 7.62007e-01 -2.98141e-02 -4.22495e+00
3.42882e-01 -3.03155e-09 6.96992e-01 1.20940e+00 8.41749e-01 7.62007e-01 -2.98128e-02 -4.22495e+00
3.44787e-01 -3.05842e-09 6.96503e-01 1.20938e+00 8.41742e-01 7.62007e-01 -2.98116e-02 -4.22495e+00
3.46692e-01 -3.08529e-09 6.96015e-01 1.20936e+00 8.41735e-01 7.62007e-01 -2.98105e-02 -4.22495e+00
3.48597e-01 -3.11216e-09 6.95526e-01 1.20935e+00 8.41728e-01 7.62007e-01 -2.98095e-02 -4.22495e+00
3.50502e-01 -3.13904e-09 6.95037e-01 1.20933e+00 8.41722e-01 7.62007e-01 -2.98087e-02 -4.22495e+00
3.52406e-01 -3.16591e-09 6.94548e-01 1.20932e+00 8.41716e-01 7.62007e-01 -2.98079e-02 -4.22495e+00
3.54311e-01 -3.19279e-09 6.94059e-01 1.20930e+00 8.41711e-01 7.62007e-01 -2.98072e-02 -4.22495e+00
3.56216e-01 -3.21967e-09 6.93569e-01 1.20929e+00 8.41706e-01 7.62007e-01 -2.98066e-02 -4.22495e+00
3.58121e-01 -3.24655e-09 6.93079e-01 1.20928e+00 8.41701e-01 7.62007e-01 -2.98060e-02 -4.22495e+00
3.60026e-01 -3.27343e-09 6.92589e-01 1.20927e+00 8.41697e-01 7.62007e-01 -2.98055e-02 -4.22495e+00
3.61931e-01 -3.30032e-09 6.92099e-01 1.20926e+00 8.41693e-01 7.62007e-01 -2.98051e-02 -4.22495e+00
3.63836e-01 -3.32720e-09 6.91609e-01 1.20926e+00 8.41690e-01 7.62007e-01 -2.98048e-02 -4.22495e+00
3.65741e-01 -3.35409e-09 6.91119e-01 1.20925e+00 8.41687e-01 7.62007e-01 -2.98045e-02 -4.22495e+00
3.67646e-01 -3.38098e-09 6.90628e-01 1.20924e+00 8.41685e-01 7.62007e-01 -2.98043e-02 -4.22495e+00
3.69551e-01 -3.40787e-09 6.90137e-01 1.20924e+00 8.41683e-01 7.62007e-01 -2.98041e-02 -4.22495e+00
3.71455e-01 -3.43475e-09 6.89647e-01 1.20924e+00 8.41681e-01 7.62007e-01 -2.98040e-02 -4.22495e+00
3.73360e-01 -3.46164e-09 6.89156e-01 1.20923e+00 8.41680e-01 7.62007e-01 -2.98039e-02 -4.22495e+00
3.75265e-01 -3.48853e-09 6.88666e-01 1.20923e+00 8.41680e-01 7.62007e-01 -2.98039e-02 -4.22495e+00
3.77170e-01 -3.51542e-09 6.88175e-01 1.20923e+00 8.41679e-01 7.62007e-01 -2.98038e-02 -4.22495e+00
3.79075e-01 -3.54230e-09 6.87685e-01 1.20923e+00 8.41679e-01 7.62007e-01 -2.98038e-02 -4.22495e+00
