# x AR CA ca co phi u v
0.00000e+00 6.00000e-01 3.00000e-01 4.99135e-01 4.99135e-01 8.00000e-01 1.00000e+00 -4.28317e+00
1.90490e-03 6.97430e-01 1.86332e-01 5.54122e-01 5.23879e-01 8.08811e-01 1.28288e+00 -4.29248e+00
3.80980e-03 7.52200e-01 1.22433e-01 6.02606e-01 5.45667e-01 8.11798e-01 1.38299e+00 -4.29518e+00
5.71470e-03 7.85161e-01 8.39784e-02 6.47579e-01 5.65907e-01 8.12281e-01 1.39940e+00 -4.29560e+00
7.61960e-03 8.05752e-01 5.99559e-02 6.90462e-01 5.85270e-01 8.11771e-01 1.38210e+00 -4.29516e+00
9.52450e-03 8.18939e-01 4.45715e-02 7.31985e-01 6.04101e-01 8.10958e-01 1.35462e+00 -4.29445e+00
1.14294e-02 8.27545e-01 3.45311e-02 7.72538e-01 6.22584e-01 8.10139e-01 1.32713e+00 -4.29371e+00
1.33343e-02 8.33244e-01 2.78821e-02 8.12338e-01 6.40823e-01 8.09429e-01 1.30342e+00 -4.29306e+00
1.52392e-02 8.37054e-01 2.34373e-02 8.51508e-01 6.58875e-01 8.08856e-01 1.28437e+00 -4.29253e+00
1.71441e-02 8.39606e-01 2.04596e-02 8.90122e-01 6.76774e-01 8.08412e-01 1.26967e+00 -4.29211e+00
1.90490e-02 8.41302e-01 1.84814e-02 9.28227e-01 6.94541e-01 8.08078e-01 1.25862e+00 -4.29178e+00
2.09539e-02 8.42402e-01 1.71973e-02 9.65851e-01 7.12188e-01 8.07830e-01 1.25048e+00 -4.29155e+00
2.28588e-02 8.43085e-01 1.64004e-02 1.00302e+00 7.29726e-01 8.07651e-01 1.24457e+00 -4.29137e+00
2.47637e-02 8.43477e-01 1.59434e-02 1.03974e+00 7.47158e-01 8.07522e-01 1.24036e+00 -4.29125e+00
2.66686e-02 8.43673e-01 1.57154e-02 1.07603e+00 7.64490e-01 8.07432e-01 1.23740e+00 -4.29116e+00
2.85735e-02 8.43746e-01 1.56302e-02 1.11190e+00 7.81724e-01 8.07370e-01 1.23536e+00 -4.29110e+00
3.04784e-02 8.43754e-01 1.56203e-02 1.14736e+00 7.98862e-01 8.07328e-01 1.23398e+00 -4.29106e+00
3.23833e-02 8.43739e-01 1.56377e-02 1.18240e+00 8.15905e-01 8.07300e-01 1.23307e+00 -4.29103e+00
3.42882e-02 8.43722e-01 1.56579e-02 1.21705e+00 8.32852e-01 8.07281e-01 1.23245e+00 -4.29101e+00
3.61931e-02 8.43693e-01 1.56918e-02 1.25129e+00 8.49705e-01 8.07268e-01 1.23202e+00 -4.29100e+00
3.80980e-02 6.80178e-01 3.24611e-02 1.28513e+00 8.66464e-01 8.07259e-01 1.23173e+00 -4.29099e+00
4.00029e-02 4.73205e-01 5.44495e-02 1.30150e+00 8.74758e-01 7.98350e-01 9.49035e-01 -4.28122e+00
4.19078e-02 2.50397e-01 7.96703e-02 1.30698e+00 8.77772e-01 7.87360e-01 6.24907e-01 -4.26669e+00
4.38127e-02 8.75481e-02 1.01068e-01 1.30651e+00 8.77897e-01 7.77799e-01 3.63519e-01 -4.25214e+00
4.57176e-02 1.77192e-02 1.16385e-01 1.30380e+00 8.76928e-01 7.71002e-01 1.88601e-01 -4.24088e+00
4.76225e-02 1.71724e-03 1.35667e-01 1.30064e+00 8.75728e-01 7.66726e-01 8.29739e-02 -4.23344e+00
4.95274e-02 4.56513e-05 2.05692e-01 1.29747e+00 8.74523e-01 7.64173e-01 2.14753e-02 -4.22888e+00
5.14323e-02 -3.65128e-12 2.89948e-01 1.29440e+00 8.73352e-01 7.62683e-01 -1.38923e-02 -4.22619e+00
5.33372e-02 2.34090e-14 3.89012e-02 1.29145e+00 8.72230e-01 7.61837e-01 -3.37961e-02 -4.22464e+00
5.52421e-02 1.85383e-17 7.10606e-02 1.28854e+00 8.71118e-01 7.61338e-01 -4.54690e-02 -4.22373e+00
5.71470e-02 -1.08918e-19 1.12112e-01 1.28568e+00 8.70021e-01 7.61050e-01 -5.22006e-02 -4.22320e+00
5.90519e-02 9.55666e-22 1.59397e-01 1.28288e+00 8.68944e-01 7.60890e-01 -5.59175e-02 -4.22290e+00
6.09568e-02 1.11976e-20 2.12131e-01 1.28015e+00 8.67890e-01 7.60811e-01 -5.77594e-02 -4.22276e+00
6.28617e-02 3.71840e-21 2.69195e-01 1.27750e+00 8.66864e-01 7.60783e-01 -5.84071e-02 -4.22271e+00
6.47666e-02 1.79191e-21 3.29125e-01 1.27493e+00 8.65870e-01 7.60789e-01 -5.82729e-02 -4.22272e+00
6.66715e-02 2.12353e-22 3.90254e-01 1.27245e+00 8.64909e-01 7.60818e-01 -5.76124e-02 -4.22277e+00
6.85764e-02 -2.02002e-22 4.50874e-01 1.27007e+00 8.63984e-01 7.60862e-01 -5.65904e-02 -4.22285e+00
7.04813e-02 -7.64259e-22 5.09385e-01 1.26778e+00 8.63097e-01 7.60916e-01 -5.53179e-02 -4.22295e+00
7.23862e-02 -5.17310e-22 5.64404e-01 1.26558e+00 8.62248e-01 7.60978e-01 -5.38745e-02 -4.22306e+00
7.42911e-02 1.91430e-22 6.14831e-01 1.26348e+00 8.61437e-01 7.61045e-01 -5.23196e-02 -4.22319e+00
7.61960e-02 -3.92666e-21 6.59872e-01 1.26147e+00 8.60665e-01 7.61114e-01 -5.06999e-02 -4.22331e+00
7.81009e-02 9.73474e-22 6.99050e-01 1.25955e+00 8.59930e-01 7.61185e-01 -4.90525e-02 -4.22344e+00
8.00058e-02 -4.48219e-22 7.32188e-01 1.25773e+00 8.59231e-01 7.61255e-01 -4.74070e-02 -4.22357e+00
8.19107e-02 1.28362e-21 7.59388e-01 1.25599e+00 8.58567e-01 7.61325e-01 -4.57871e-02 -4.22370e+00
8.38156e-02 -1.36801e-22 7.80999e-01 1.25433e+00 8.57936e-01 7.61392e-01 -4.42112e-02 -4.22383e+00
8.57205e-02 -5.66540e-22 7.97571e-01 1.25274e+00 8.57337e-01 7.61457e-01 -4.26927e-02 -4.22394e+00
8.76254e-02 -3.04312e-22 8.09800e-01 1.25123e+00 8.56767e-01 7.61519e-01 -4.12413e-02 -4.22406e+00
8.95303e-02 -1.31785e-22 8.18454e-01 1.24979e+00 8.56226e-01 7.61578e-01 -3.98630e-02 -4.22417e+00
9.14352e-02 1.68945e-21 8.24308e-01 1.24841e+00 8.55711e-01 7.61634e-01 -3.85608e-02 -4.22427e+00
9.33401e-02 -3.71541e-22 8.28074e-01 1.24710e+00 8.55220e-01 7.61686e-01 -3.73355e-02 -4.22436e+00
9.52450e-02 3.41846e-23 8.30354e-01 1.24584e+00 8.54753e-01 7.61735e-01 -3.61858e-02 -4.22445e+00
9.71499e-02 -1.13180e-21 8.31621e-01 1.24463e+00 8.54307e-01 7.61781e-01 -3.51093e-02 -4.22454e+00
9.90548e-02 -1.92355e-21 8.32213e-01 1.24348e+00 8.53881e-01 7.61824e-01 -3.41026e-02 -4.22462e+00
1.00960e-01 -3.97592e-22 8.32361e-01 1.24237e+00 8.53474e-01 7.61864e-01 -3.31617e-02 -4.22469e+00
1.02865e-01 2.05094e-21 8.32210e-01 1.24131e+00 8.53085e-01 7.61901e-01 -3.22824e-02 -4.22476e+00
1.04769e-01 -9.58468e-22 8.31851e-01 1.24029e+00 8.52713e-01 7.61936e-01 -3.14606e-02 -4.22482e+00
1.06674e-01 4.76724e-22 8.31339e-01 1.23931e+00 8.52356e-01 7.61969e-01 -3.06921e-02 -4.22488e+00
1.08579e-01 3.68133e-20 8.30711e-01 1.23837e+00 8.52014e-01 7.62000e-01 -2.99730e-02 -4.22494e+00
1.10484e-01 1.61272e-18 8.29991e-01 1.23746e+00 8.51686e-01 7.62028e-01 -2.92997e-02 -4.22499e+00
1.12389e-01 7.39792e-17 8.29196e-01 1.23659e+00 8.51371e-01 7.62055e-01 -2.86688e-02 -4.22504e+00
1.14294e-01 3.48081e-15 8.28339e-01 1.23575e+00 8.51069e-01 7.62081e-01 -2.80770e-02 -4.22509e+00
1.16199e-01 3.70921e-15 8.27432e-01 1.23494e+00 8.50778e-01 7.62104e-01 -2.75215e-02 -4.22513e+00
1.18104e-01 3.36578e-15 8.26484e-01 1.23416e+00 8.50498e-01 7.62126e-01 -2.69997e-02 -4.22517e+00
1.20009e-01 2.26175e-15 8.25501e-01 1.23341e+00 8.50229e-01 7.62147e-01 -2.65091e-02 -4.22521e+00
1.21914e-01 2.41779e-16 8.24489e-01 1.23269e+00 8.49970e-01 7.62167e-01 -2.60474e-02 -4.22524e+00
1.23818e-01 -2.80464e-15 8.23453e-01 1.23199e+00 8.49720e-01 7.62185e-01 -2.56126e-02 -4.22528e+00
1.25723e-01 -6.91715e-15 8.22398e-01 1.23131e+00 8.49478e-01 7.62203e-01 -2.52028e-02 -4.22531e+00
1.27628e-01 -1.20284e-14 8.21327e-01 1.23065e+00 8.49246e-01 7.62219e-01 -2.48163e-02 -4.22534e+00
1.29533e-01 -1.79274e-14 8.20244e-01 1.23002e+00 8.49021e-01 7.62235e-01 -2.44515e-02 -4.22537e+00
1.31438e-01 -2.42313e-14 8.19151e-01 1.22941e+00 8.48805e-01 7.62249e-01 -2.41069e-02 -4.22540e+00
1.33343e-01 -3.03693e-14 8.18050e-01 1.22882e+00 8.48595e-01 7.62263e-01 -2.37812e-02 -4.22542e+00
1.35248e-01 -3.55863e-14 8.16943e-01 1.22824e+00 8.48392e-01 7.62276e-01 -2.34731e-02 -4.22544e+00
1.37153e-01 -3.89678e-14 8.15832e-01 1.22769e+00 8.48196e-01 7.62289e-01 -2.31815e-02 -4.22547e+00
1.39058e-01 -3.94919e-14 8.14720e-01 1.22715e+00 8.48007e-01 7.62300e-01 -2.29054e-02 -4.22549e+00
1.40963e-01 -3.61061e-14 8.13606e-01 1.22663e+00 8.47823e-01 7.62312e-01 -2.26437e-02 -4.22551e+00
1.42867e-01 -2.78313e-14 8.12494e-01 1.22612e+00 8.47646e-01 7.62322e-01 -2.23956e-02 -4.22553e+00
1.44772e-01 -1.38841e-14 8.11382e-01 1.22564e+00 8.47473e-01 7.62332e-01 -2.21602e-02 -4.22555e+00
1.46677e-01 6.18803e-15 8.10273e-01 1.22516e+00 8.47306e-01 7.62342e-01 -2.19367e-02 -4.22556e+00
1.48582e-01 3.23696e-14 8.09168e-01 1.22470e+00 8.47145e-01 7.62351e-01 -2.17245e-02 -4.22558e+00
1.50487e-01 6.40542e-14 8.08067e-01 1.22425e+00 8.46988e-01 7.62359e-01 -2.15229e-02 -4.22560e+00
1.52392e-01 9.99481e-14 8.06971e-01 1.22382e+00 8.46835e-01 7.62367e-01 -2.13312e-02 -4.22561e+00
1.54297e-01 1.38017e-13 8.05880e-01 1.22340e+00 8.46687e-01 7.62375e-01 -2.11488e-02 -4.22562e+00
1.56202e-01 1.75488e-13 8.04796e-01 1.22299e+00 8.46544e-01 7.62382e-01 -2.09753e-02 -4.22564e+00
1.58107e-01 2.08922e-13 8.03718e-01 1.22259e+00 8.46405e-01 7.62389e-01 -2.08101e-02 -4.22565e+00
1.60012e-01 2.34361e-13 8.02648e-01 1.22221e+00 8.46269e-01 7.62396e-01 -2.06528e-02 -4.22566e+00
1.61916e-01 2.47547e-13 8.01585e-01 1.22183e+00 8.46137e-01 7.62403e-01 -2.05029e-02 -4.22567e+00
1.63821e-01 2.44222e-13 8.00530e-01 1.22147e+00 8.46010e-01 7.62409e-01 -2.03600e-02 -4.22569e+00
1.65726e-01 2.20478e-13 7.99483e-01 1.22111e+00 8.45885e-01 7.62414e-01 -2.02237e-02 -4.22570e+00
1.67631e-01 1.73164e-13 7.98445e-01 1.22077e+00 8.45764e-01 7.62420e-01 -2.00937e-02 -4.22571e+00
1.69536e-01 1.00293e-13 7.97415e-01 1.22043e+00 8.45647e-01 7.62425e-01 -1.99697e-02 -4.22572e+00
1.71441e-01 1.44141e-15 7.96395e-01 1.22011e+00 8.45532e-01 7.62430e-01 -1.98513e-02 -4.22573e+00
1.73346e-01 -1.21907e-13 7.95383e-01 1.21979e+00 8.45421e-01 7.62435e-01 -1.97382e-02 -4.22573e+00
1.75251e-01 -2.66097e-13 7.94381e-01 1.21948e+00 8.45312e-01 7.62440e-01 -1.96302e-02 -4.22574e+00
1.77156e-01 -4.25157e-13 7.93389e-01 1.21918e+00 8.45207e-01 7.62444e-01 -1.95270e-02 -4.22575e+00
1.79061e-01 -5.90802e-13 7.92405e-01 1.21889e+00 8.45104e-01 7.62448e-01 -1.94284e-02 -4.22576e+00
1.80965e-01 -7.52617e-13 7.91432e-01 1.21861e+00 8.45003e-01 7.62452e-01 -1.93341e-02 -4.22577e+00
1.82870e-01 -8.98426e-13 7.90468e-01 1.21833e+00 8.44906e-01 7.62456e-01 -1.92439e-02 -4.22577e+00
1.84775e-01 -1.01485e-12 7.89514e-01 1.21806e+00 8.44811e-01 7.62460e-01 -1.91577e-02 -4.22578e+00
1.86680e-01 -1.08802e-12 7.88569e-01 1.21780e+00 8.44718e-01 7.62463e-01 -1.90751e-02 -4.22579e+00
1.88585e-01 -1.10451e-12 7.87634e-01 1.21755e+00 8.44628e-01 7.62466e-01 -1.89961e-02 -4.22579e+00
1.90490e-01 -1.05227e-12 7.86709e-01 1.21730e+00 8.44539e-01 7.62470e-01 -1.89205e-02 -4.22580e+00
1.92395e-01 -9.21720e-13 7.85794e-01 1.21706e+00 8.44454e-01 7.62473e-01 -1.88481e-02 -4.22580e+00
1.94300e-01 -7.06811e-13 7.84888e-01 1.21682e+00 8.44370e-01 7.62476e-01 -1.87788e-02 -4.22581e+00
1.96205e-01 -4.05977e-13 7.83992e-01 1.21659e+00 8.44288e-01 7.62479e-01 -1.87124e-02 -4.22581e+00
1.98110e-01 -2.29648e-14 7.83105e-01 1.21637e+00 8.44208e-01 7.62481e-01 -1.86487e-02 -4.22582e+00
2.00014e-01 4.32566e-13 7.82228e-01 1.21615e+00 8.44131e-01 7.62484e-01 -1.85878e-02 -4.22582e+00
2.01919e-01 9.44735e-13 7.81360e-01 1.21594e+00 8.44055e-01 7.62486e-01 -1.85294e-02 -4.22583e+00
2.03824e-01 1.49150e-12 7.80502e-01 1.21573e+00 8.43981e-01 7.62489e-01 -1.84734e-02 -4.22583e+00
2.05729e-01 2.04512e-12 7.79653e-01 1.21553e+00 8.43909e-01 7.62491e-01 -1.84197e-02 -4.22584e+00
2.07634e-01 2.57305e-12 7.78813e-01 1.21534e+00 8.43838e-01 7.62493e-01 -1.83682e-02 -4.22584e+00
2.09539e-01 3.03927e-12 7.77982e-01 1.21515e+00 8.43769e-01 7.62495e-01 -1.83189e-02 -4.22584e+00
2.11444e-01 3.40599e-12 7.77161e-01 1.21496e+00 8.43702e-01 7.62497e-01 -1.82716e-02 -4.22585e+00
2.13349e-01 3.63571e-12 7.76348e-01 1.21478e+00 8.43637e-01 7.62499e-01 -1.82262e-02 -4.22585e+00
2.15254e-01 3.69359e-12 7.75545e-01 1.21460e+00 8.43573e-01 7.62501e-01 -1.81827e-02 -4.22585e+00
2.17159e-01 3.54988e-12 7.74750e-01 1.21443e+00 8.43510e-01 7.62503e-01 -1.81410e-02 -4.22586e+00
2.19063e-01 3.18251e-12 7.73964e-01 1.21426e+00 8.43449e-01 7.62504e-01 -1.81009e-02 -4.22586e+00
2.20968e-01 2.57942e-12 7.73188e-01 1.21410e+00 8.43390e-01 7.62506e-01 -1.80625e-02 -4.22586e+00
2.22873e-01 1.74076e-12 7.72419e-01 1.21394e+00 8.43331e-01 7.62508e-01 -1.80257e-02 -4.22587e+00
2.24778e-01 6.80487e-13 7.71660e-01 1.21379e+00 8.43275e-01 7.62509e-01 -1.79904e-02 -4.22587e+00
2.26683e-01 -5.72476e-13 7.70909e-01 1.21363e+00 8.43219e-01 7.62511e-01 -1.79564e-02 -4.22587e+00
2.28588e-01 -1.97393e-12 7.70166e-01 1.21349e+00 8.43165e-01 7.62512e-01 -1.79239e-02 -4.22587e+00
2.30493e-01 -3.46493e-12 7.69432e-01 1.21334e+00 8.43112e-01 7.62513e-01 -1.78927e-02 -4.22588e+00
2.32398e-01 -4.97321e-12 7.68707e-01 1.21321e+00 8.43061e-01 7.62515e-01 -1.78628e-02 -4.22588e+00
2.34303e-01 -6.41555e-12 7.67989e-01 1.21307e+00 8.43010e-01 7.62516e-01 -1.78341e-02 -4.22588e+00
2.36208e-01 -7.70117e-12 7.67280e-01 1.21294e+00 8.42961e-01 7.62517e-01 -1.78065e-02 -4.22588e+00
2.38112e-01 -8.73590e-12 7.66579e-01 1.21281e+00 8.42913e-01 7.62518e-01 -1.77801e-02 -4.22589e+00
2.40017e-01 -9.42713e-12 7.65887e-01 1.21268e+00 8.42866e-01 7.62519e-01 -1.77547e-02 -4.22589e+00
2.41922e-01 -9.68933e-12 7.65202e-01 1.21256e+00 8.42820e-01 7.62520e-01 -1.77304e-02 -4.22589e+00
2.43827e-01 -9.44986e-12 7.64525e-01 1.21244e+00 8.42776e-01 7.62521e-01 -1.77071e-02 -4.22589e+00
2.45732e-01 -8.65481e-12 7.63857e-01 1.21232e+00 8.42732e-01 7.62522e-01 -1.76848e-02 -4.22589e+00
2.47637e-01 -7.27462e-12 7.63196e-01 1.21221e+00 8.42689e-01 7.62523e-01 -1.76633e-02 -4.22589e+00
2.49542e-01 -5.30897e-12 7.62543e-01 1.21210e+00 8.42648e-01 7.62524e-01 -1.76428e-02 -4.22590e+00
2.51447e-01 -2.79083e-12 7.61898e-01 1.21199e+00 8.42607e-01 7.62525e-01 -1.76231e-02 -4.22590e+00
2.53352e-01 2.10807e-13 7.61260e-01 1.21189e+00 8.42568e-01 7.62526e-01 -1.76042e-02 -4.22590e+00
2.55257e-01 3.58971e-12 7.60630e-01 1.21179e+00 8.42529e-01 7.62526e-01 -1.75861e-02 -4.22590e+00
2.57161e-01 7.20287e-12 7.60008e-01 1.21169e+00 8.42491e-01 7.62527e-01 -1.75688e-02 -4.22590e+00
2.59066e-01 1.08729e-11 7.59393e-01 1.21159e+00 8.42454e-01 7.62528e-01 -1.75522e-02 -4.22590e+00
2.60971e-01 1.43921e-11 7.58785e-01 1.21150e+00 8.42418e-01 7.62528e-01 -1.75363e-02 -4.22590e+00
2.62876e-01 1.75287e-11 7.58185e-01 1.21141e+00 8.42383e-01 7.62529e-01 -1.75211e-02 -4.22591e+00
2.64781e-01 2.00344e-11 7.57592e-01 1.21132e+00 8.42349e-01 7.62530e-01 -1.75065e-02 -4.22591e+00
2.66686e-01 2.16533e-11 7.57006e-01 1.21124e+00 8.42316e-01 7.62530e-01 -1.74926e-02 -4.22591e+00
2.68591e-01 2.21317e-11 7.56427e-01 1.21115e+00 8.42284e-01 7.62531e-01 -1.74792e-02 -4.22591e+00
2.70496e-01 2.12282e-11 7.55855e-01 1.21107e+00 8.42252e-01 7.62531e-01 -1.74665e-02 -4.22591e+00
2.72401e-01 1.87239e-11 7.55290e-01 1.21099e+00 8.42221e-01 7.62532e-01 -1.74543e-02 -4.22591e+00
2.74306e-01 1.44315e-11 7.54731e-01 1.21092e+00 8.42191e-01 7.62532e-01 -1.74426e-02 -4.22591e+00
2.76210e-01 8.20300e-12 7.54179e-01 1.21084e+00 8.42162e-01 7.62533e-01 -1.74315e-02 -4.22591e+00
2.78115e-01 -6.38684e-14 7.53633e-01 1.21077e+00 8.42133e-01 7.62533e-01 -1.74208e-02 -4.22591e+00
2.80020e-01 -1.04223e-11 7.53094e-01 1.21070e+00 8.42106e-01 7.62534e-01 -1.74107e-02 -4.22591e+00
2.81925e-01 -2.28750e-11 7.52560e-01 1.21063e+00 8.42079e-01 7.62534e-01 -1.74010e-02 -4.22591e+00
2.83830e-01 -3.73756e-11 7.52032e-01 1.21057e+00 8.42052e-01 7.62535e-01 -1.73918e-02 -4.22592e+00
2.85735e-01 -5.38326e-11 7.51509e-01 1.21050e+00 8.42027e-01 7.62535e-01 -1.73829e-02 -4.22592e+00
2.87640e-01 -7.21155e-11 7.50992e-01 1.21044e+00 8.42002e-01 7.62535e-01 -1.73745e-02 -4.22592e+00
2.89545e-01 -9.20626e-11 7.50479e-01 1.21038e+00 8.41978e-01 7.62536e-01 -1.73665e-02 -4.22592e+00
2.91450e-01 -1.13490e-10 7.49970e-01 1.21032e+00 8.41954e-01 7.62536e-01 -1.73589e-02 -4.22592e+00
2.93355e-01 -1.36202e-10 7.49465e-01 1.21026e+00 8.41931e-01 7.62536e-01 -1.73517e-02 -4.22592e+00
2.95259e-01 -1.59999e-10 7.48964e-01 1.21021e+00 8.41909e-01 7.62537e-01 -1.73448e-02 -4.22592e+00
2.97164e-01 -1.84688e-10 7.48466e-01 1.21016e+00 8.41888e-01 7.62537e-01 -1.73383e-02 -4.22592e+00
2.99069e-01 -2.10086e-10 7.47970e-01 1.21011e+00 8.41867e-01 7.62537e-01 -1.73320e-02 -4.22592e+00
3.00974e-01 -2.36032e-10 7.47477e-01 1.21006e+00 8.41847e-01 7.62537e-01 -1.73262e-02 -4.22592e+00
3.02879e-01 -2.62384e-10 7.46986e-01 1.21001e+00 8.41827e-01 7.62538e-01 -1.73206e-02 -4.22592e+00
3.04784e-01 -2.89023e-10 7.46496e-01 1.20996e+00 8.41808e-01 7.62538e-01 -1.73153e-02 -4.22592e+00
3.06689e-01 -3.15857e-10 7.46007e-01 1.20992e+00 8.41790e-01 7.62538e-01 -1.73103e-02 -4.22592e+00
3.08594e-01 -3.42811e-10 7.45520e-01 1.20988e+00 8.41772e-01 7.62538e-01 -1.73055e-02 -4.22592e+00
3.10499e-01 -3.69833e-10 7.45032e-01 1.20983e+00 8.41755e-01 7.62538e-01 -1.73011e-02 -4.22592e+00
3.12404e-01 -3.96886e-10 7.44546e-01 1.20979e+00 8.41738e-01 7.62539e-01 -1.72968e-02 -4.22592e+00
3.14308e-01 -4.23948e-10 7.44059e-01 1.20976e+00 8.41722e-01 7.62539e-01 -1.72929e-02 -4.22592e+00
3.16213e-01 -4.51003e-10 7.43573e-01 1.20972e+00 8.41706e-01 7.62539e-01 -1.72891e-02 -4.22592e+00
3.18118e-01 -4.78046e-10 7.43086e-01 1.20968e+00 8.41692e-01 7.62539e-01 -1.72856e-02 -4.22592e+00
3.20023e-01 -5.05074e-10 7.42600e-01 1.20965e+00 8.41677e-01 7.62539e-01 -1.72823e-02 -4.22592e+00
3.21928e-01 -5.32088e-10 7.42113e-01 1.20962e+00 8.41663e-01 7.62539e-01 -1.72792e-02 -4.22592e+00
3.23833e-01 -5.59089e-10 7.41626e-01 1.20959e+00 8.41650e-01 7.62539e-01 -1.72763e-02 -4.22592e+00
3.25738e-01 -5.86081e-10 7.41138e-01 1.20956e+00 8.41637e-01 7.62540e-01 -1.72736e-02 -4.22592e+00
3.27643e-01 -6.13065e-10 7.40651e-01 1.20953e+00 8.41625e-01 7.62540e-01 -1.72711e-02 -4.22592e+00
3.29548e-01 -6.40043e-10 7.40163e-01 1.20950e+00 8.41613e-01 7.62540e-01 -1.72687e-02 -4.22592e+00
3.31453e-01 -6.67016e-10 7.39675e-01 1.20947e+00 8.41602e-01 7.62540e-01 -1.72665e-02 -4.22593e+00
3.33357e-01 -6.93987e-10 7.39186e-01 1.20945e+00 8.41591e-01 7.62540e-01 -1.72645e-02 -4.22593e+00
3.35262e-01 -7.20955e-10 7.38698e-01 1.20942e+00 8.41581e-01 7.62540e-01 -1.72626e-02 -4.22593e+00
3.37167e-01 -7.47922e-10 7.38209e-01 1.20940e+00 8.41571e-01 7.62540e-01 -1.72609e-02 -4.22593e+00
3.39072e-01 -7.74887e-10 7.37720e-01 1.20938e+00 8.41562e-01 7.62540e-01 -1.72593e-02 -4.22593e+00
3.40977e-01 -8.01851e-10 7.37231e-01 1.20936e+00 8.41553e-01 7.62540e-01 -1.72579e-02 -4.22593e+00
3.42882e-01 -8.28814e-10 7.36741e-01 1.20934e+00 8.41545e-01 7.62540e-01 -1.72565e-02 -4.22593e+00
3.44787e-01 -8.55777e-10 7.36252e-01 1.20932e+00 8.41537e-01 7.62540e-01 -1.72553e-02 -4.22593e+00
3.46692e-01 -8.82739e-10 7.35762e-01 1.20931e+00 8.41530e-01 7.62540e-01 -1.72542e-02 -4.22593e+00
3.48597e-01 -9.09700e-10 7.35272e-01 1.20929e+00 8.41523e-01 7.62540e-01 -1.72532e-02 -4.22593e+00
3.50502e-01 -9.36661e-10 7.34781e-01 1.20928e+00 8.41516e-01 7.62540e-01 -1.72524e-02 -4.22593e+00
3.52406e-01 -9.63622e-10 7.34291e-01 1.20926e+00 8.41510e-01 7.62540e-01 -1.72516e-02 -4.22593e+00
3.54311e-01 -9.90583e-10 7.33800e-01 1.20925e+00 8.41505e-01 7.62541e-01 -1.72509e-02 -4.22593e+00
3.56216e-01 -1.01754e-09 7.33309e-01 1.20924e+00 8.41500e-01 7.62541e-01 -1.72502e-02 -4.22593e+00
3.58121e-01 -1.04450e-09 7.32817e-01 1.20923e+00 8.41495e-01 7.62541e-01 -1.72497e-02 -4.22593e+00
3.60026e-01 -1.07147e-09 7.32326e-01 1.20922e+00 8.41491e-01 7.62541e-01 -1.72492e-02 -4.22593e+00
3.61931e-01 -1.09843e-09 7.31834e-01 1.20921e+00 8.41487e-01 7.62541e-01 -1.72488e-02 -4.22593e+00
3.63836e-01 -1.12539e-09 7.31342e-01 1.20921e+00 8.41484e-01 7.62541e-01 -1.72485e-02 -4.22593e+00
3.65741e-01 -1.15235e-09 7.30849e-01 1.20920e+00 8.41481e-01 7.62541e-01 -1.72482e-02 -4.22593e+00
3.67646e-01 -1.17931e-09 7.30357e-01 1.20919e+00 8.41479e-01 7.62541e-01 -1.72480e-02 -4.22593e+00
3.69551e-01 -1.20628e-09 7.29864e-01 1.20919e+00 8.41476e-01 7.62541e-01 -1.72478e-02 -4.22593e+00
3.71455e-01 -1.23324e-09 7.29371e-01 1.20919e+00 8.41475e-01 7.62541e-01 -1.72477e-02 -4.22593e+00
3.73360e-01 -1.26020e-09 7.28878e-01 1.20918e+00 8.41474e-01 7.62541e-01 -1.72476e-02 -4.22593e+00
3.75265e-01 -1.28717e-09 7.28384e-01 1.20918e+00 8.41473e-01 7.62541e-01 -1.72475e-02 -4.22593e+00
3.77170e-01 -1.31413e-09 7.27891e-01 1.20918e+00 8.41472e-01 7.62541e-01 -1.72475e-02 -4.22593e+00
3.79075e-01 -1.34109e-09 7.27398e-01 1.20918e+00 8.41472e-01 7.62541e-01 -1.72475e-02 -4.22593e+00
