# x AR CA ca co phi u v
0.00000e+00 6.00000e-01 3.00000e-01 4.99135e-01 4.99135e-01 8.00000e-01 1.00000e+00 -4.28317e+00
1.90490e-03 6.85082e-01 2.00738e-01 5.58672e-01 5.26127e-01 8.16139e-01 1.53250e+00 -4.29866e+00
3.80980e-03 7.32284e-01 1.45668e-01 6.10607e-01 5.49670e-01 8.23761e-01 1.80671e+00 -4.30338e+00
5.71470e-03 7.61690e-01 1.11362e-01 6.58308e-01 5.71336e-01 8.27152e-01 1.93375e+00 -4.30487e+00
7.61960e-03 7.81136e-01 8.86752e-02 7.03393e-01 5.91884e-01 8.28401e-01 1.98131e+00 -4.30532e+00
9.52450e-03 7.94430e-01 7.31647e-02 7.46729e-01 6.11717e-01 8.28585e-01 1.98836e+00 -4.30538e+00
1.14294e-02 8.03685e-01 6.23669e-02 7.88813e-01 6.31069e-01 8.28278e-01 1.97660e+00 -4.30528e+00
1.33343e-02 8.10175e-01 5.47959e-02 8.29944e-01 6.50081e-01 8.27782e-01 1.95770e+00 -4.30510e+00
1.52392e-02 8.14713e-01 4.95017e-02 8.70308e-01 6.68839e-01 8.27255e-01 1.93763e+00 -4.30491e+00
1.71441e-02 8.17843e-01 4.58498e-02 9.10024e-01 6.87399e-01 8.26769e-01 1.91922e+00 -4.30472e+00
1.90490e-02 8.19945e-01 4.33980e-02 9.49173e-01 7.05798e-01 8.26355e-01 1.90360e+00 -4.30455e+00
2.09539e-02 8.21293e-01 4.18250e-02 9.87808e-01 7.24061e-01 8.26020e-01 1.89100e+00 -4.30441e+00
2.28588e-02 8.22098e-01 4.08861e-02 1.02597e+00 7.42203e-01 8.25760e-01 1.88124e+00 -4.30430e+00
2.47637e-02 8.22525e-01 4.03871e-02 1.06368e+00 7.60237e-01 8.25566e-01 1.87395e+00 -4.30422e+00
2.66686e-02 8.22711e-01 4.01701e-02 1.10096e+00 7.78170e-01 8.25426e-01 1.86869e+00 -4.30416e+00
2.85735e-02 8.22764e-01 4.01082e-02 1.13782e+00 7.96006e-01 8.25328e-01 1.86503e+00 -4.30411e+00
3.04784e-02 8.22765e-01 4.01076e-02 1.17428e+00 8.13747e-01 8.25262e-01 1.86255e+00 -4.30408e+00
3.23833e-02 8.22758e-01 4.01155e-02 1.21032e+00 8.31393e-01 8.25217e-01 1.86090e+00 -4.30406e+00
3.42882e-02 8.22736e-01 4.01411e-02 1.24597e+00 8.48945e-01 8.25188e-01 1.85979e+00 -4.30405e+00
3.61931e-02 8.22637e-01 4.02573e-02 1.28121e+00 8.66402e-01 8.25168e-01 1.85906e+00 -4.30404e+00
3.80980e-02 7.56049e-01 5.58826e-02 1.31607e+00 8.83767e-01 8.25157e-01 1.85866e+00 -4.30404e+00
4.00029e-02 6.87308e-01 7.28504e-02 1.33886e+00 8.95320e-01 8.18596e-01 1.61922e+00 -4.30038e+00
4.19078e-02 6.08655e-01 9.37077e-02 1.35306e+00 9.02739e-01 8.09698e-01 1.31237e+00 -4.29331e+00
4.38127e-02 5.12381e-01 1.21612e-01 1.36054e+00 9.06909e-01 8.00523e-01 1.01628e+00 -4.28378e+00
4.57176e-02 3.93317e-01 1.60054e-01 1.36256e+00 9.08432e-01 7.92060e-01 7.60313e-01 -4.27321e+00
4.76225e-02 2.58519e-01 2.10223e-01 1.36029e+00 9.07871e-01 7.84792e-01 5.52898e-01 -4.26294e+00
4.95274e-02 1.35755e-01 2.66833e-01 1.35509e+00 9.05869e-01 7.79000e-01 3.95340e-01 -4.25405e+00
5.14323e-02 5.46477e-02 3.20661e-01 1.34835e+00 9.03105e-01 7.74799e-01 2.85234e-01 -4.24726e+00
5.33372e-02 1.69848e-02 3.67669e-01 1.34118e+00 9.00107e-01 7.72069e-01 2.15478e-01 -4.24269e+00
5.52421e-02 4.27015e-03 4.09547e-01 1.33416e+00 8.97164e-01 7.70484e-01 1.75632e-01 -4.23999e+00
5.71470e-02 9.24255e-04 4.47796e-01 1.32752e+00 8.94382e-01 7.69680e-01 1.55570e-01 -4.23860e+00
5.90519e-02 1.82331e-04 4.82145e-01 1.32131e+00 8.91789e-01 7.69361e-01 1.47670e-01 -4.23805e+00
6.09568e-02 3.41742e-05 5.12041e-01 1.31552e+00 8.89383e-01 7.69330e-01 1.46904e-01 -4.23800e+00
6.28617e-02 6.24684e-06 5.37465e-01 1.31014e+00 8.87153e-01 7.69461e-01 1.50149e-01 -4.23823e+00
6.47666e-02 1.13064e-06 5.58845e-01 1.30513e+00 8.85087e-01 7.69677e-01 1.55513e-01 -4.23860e+00
6.66715e-02 2.04396e-07 5.76780e-01 1.30046e+00 8.83172e-01 7.69933e-01 1.61865e-01 -4.23904e+00
6.85764e-02 3.70997e-08 5.91864e-01 1.29611e+00 8.81394e-01 7.70200e-01 1.68539e-01 -4.23950e+00
7.04813e-02 6.77565e-09 6.04621e-01 1.29204e+00 8.79742e-01 7.70465e-01 1.75155e-01 -4.23996e+00
7.23862e-02 1.24046e-09 6.15479e-01 1.28824e+00 8.78203e-01 7.70719e-01 1.81504e-01 -4.24039e+00
7.42911e-02 2.23825e-10 6.24784e-01 1.28468e+00 8.76769e-01 7.70958e-01 1.87482e-01 -4.24080e+00
7.61960e-02 3.80131e-11 6.32811e-01 1.28134e+00 8.75430e-01 7.71179e-01 1.93044e-01 -4.24118e+00
7.81009e-02 5.33817e-12 6.39779e-01 1.27820e+00 8.74177e-01 7.71383e-01 1.98183e-01 -4.24153e+00
8.00058e-02 2.87066e-13 6.45864e-01 1.27525e+00 8.73003e-01 7.71571e-01 2.02912e-01 -4.24185e+00
8.19107e-02 -1.93385e-13 6.51206e-01 1.27246e+00 8.71901e-01 7.71743e-01 2.07253e-01 -4.24214e+00
8.38156e-02 -1.09611e-13 6.55918e-01 1.26983e+00 8.70866e-01 7.71901e-01 2.11235e-01 -4.24241e+00
8.57205e-02 -3.82173e-14 6.60094e-01 1.26735e+00 8.69891e-01 7.72046e-01 2.14885e-01 -4.24265e+00
8.76254e-02 -9.89014e-15 6.63810e-01 1.26499e+00 8.68972e-01 7.72178e-01 2.18235e-01 -4.24288e+00
8.95303e-02 -1.57475e-15 6.67128e-01 1.26276e+00 8.68105e-01 7.72299e-01 2.21309e-01 -4.24308e+00
9.14352e-02 1.80991e-16 6.70101e-01 1.26065e+00 8.67285e-01 7.72411e-01 2.24135e-01 -4.24327e+00
9.33401e-02 3.01915e-16 6.72773e-01 1.25864e+00 8.66509e-01 7.72513e-01 2.26735e-01 -4.24344e+00
9.52450e-02 1.74784e-16 6.75182e-01 1.25673e+00 8.65773e-01 7.72608e-01 2.29130e-01 -4.24360e+00
9.71499e-02 8.03224e-17 6.77358e-01 1.25491e+00 8.65075e-01 7.72695e-01 2.31339e-01 -4.24375e+00
9.90548e-02 3.40841e-17 6.79330e-01 1.25317e+00 8.64413e-01 7.72775e-01 2.33380e-01 -4.24388e+00
1.00960e-01 1.44435e-17 6.81119e-01 1.25151e+00 8.63782e-01 7.72849e-01 2.35267e-01 -4.24401e+00
1.02865e-01 6.39653e-18 6.82746e-01 1.24993e+00 8.63182e-01 7.72918e-01 2.37015e-01 -4.24412e+00
1.04769e-01 2.98541e-18 6.84229e-01 1.24842e+00 8.62611e-01 7.72981e-01 2.38636e-01 -4.24423e+00
1.06674e-01 1.43694e-18 6.85582e-01 1.24697e+00 8.62065e-01 7.73041e-01 2.40141e-01 -4.24433e+00
1.08579e-01 6.91473e-19 6.86818e-01 1.24559e+00 8.61545e-01 7.73095e-01 2.41540e-01 -4.24442e+00
1.10484e-01 3.24158e-19 6.87949e-01 1.24426e+00 8.61047e-01 7.73147e-01 2.42843e-01 -4.24451e+00
1.12389e-01 1.45467e-19 6.88986e-01 1.24299e+00 8.60572e-01 7.73194e-01 2.44056e-01 -4.24459e+00
1.14294e-01 -7.92722e-18 6.89936e-01 1.24177e+00 8.60116e-01 7.73239e-01 2.45188e-01 -4.24466e+00
1.16199e-01 -4.32739e-17 6.90809e-01 1.24060e+00 8.59680e-01 7.73280e-01 2.46246e-01 -4.24473e+00
1.18104e-01 -1.16275e-16 6.91610e-01 1.23947e+00 8.59262e-01 7.73319e-01 2.47235e-01 -4.24480e+00
1.20009e-01 -2.26573e-16 6.92347e-01 1.23839e+00 8.58860e-01 7.73355e-01 2.48160e-01 -4.24486e+00
1.21914e-01 -3.16229e-16 6.93024e-01 1.23735e+00 8.58475e-01 7.73389e-01 2.49027e-01 -4.24491e+00
1.23818e-01 -2.39728e-16 6.93648e-01 1.23634e+00 8.58105e-01 7.73421e-01 2.49840e-01 -4.24497e+00
1.25723e-01 1.94889e-16 6.94222e-01 1.23538e+00 8.57749e-01 7.73451e-01 2.50603e-01 -4.24502e+00
1.27628e-01 1.11614e-15 6.94751e-01 1.23444e+00 8.57406e-01 7.73479e-01 2.51320e-01 -4.24506e+00
1.29533e-01 2.46367e-15 6.95238e-01 1.23355e+00 8.57077e-01 7.73505e-01 2.51994e-01 -4.24511e+00
1.31438e-01 3.91443e-15 6.95686e-01 1.23268e+00 8.56759e-01 7.73530e-01 2.52628e-01 -4.24515e+00
1.33343e-01 4.90563e-15 6.96099e-01 1.23184e+00 8.56453e-01 7.73553e-01 2.53225e-01 -4.24519e+00
1.35248e-01 4.75956e-15 6.96480e-01 1.23104e+00 8.56158e-01 7.73575e-01 2.53788e-01 -4.24522e+00
1.37153e-01 2.87716e-15 6.96830e-01 1.23026e+00 8.55873e-01 7.73596e-01 2.54319e-01 -4.24526e+00
1.39058e-01 -1.05486e-15 6.97152e-01 1.22950e+00 8.55598e-01 7.73616e-01 2.54820e-01 -4.24529e+00
1.40963e-01 -6.90162e-15 6.97448e-01 1.22877e+00 8.55333e-01 7.73634e-01 2.55294e-01 -4.24532e+00
1.42867e-01 -1.40070e-14 6.97721e-01 1.22807e+00 8.55076e-01 7.73652e-01 2.55741e-01 -4.24535e+00
1.44772e-01 -2.12311e-14 6.97971e-01 1.22739e+00 8.54828e-01 7.73668e-01 2.56164e-01 -4.24538e+00
1.46677e-01 -2.70948e-14 6.98200e-01 1.22673e+00 8.54589e-01 7.73684e-01 2.56565e-01 -4.24541e+00
1.48582e-01 -3.00046e-14 6.98410e-01 1.22609e+00 8.54357e-01 7.73699e-01 2.56944e-01 -4.24543e+00
1.50487e-01 -2.85207e-14 6.98602e-01 1.22547e+00 8.54132e-01 7.73713e-01 2.57304e-01 -4.24545e+00
1.52392e-01 -2.16209e-14 6.98778e-01 1.22487e+00 8.53914e-01 7.73726e-01 2.57644e-01 -4.24548e+00
1.54297e-01 -8.92061e-15 6.98938e-01 1.22429e+00 8.53704e-01 7.73738e-01 2.57967e-01 -4.24550e+00
1.56202e-01 9.18514e-15 6.99084e-01 1.22373e+00 8.53499e-01 7.73750e-01 2.58274e-01 -4.24552e+00
1.58107e-01 3.14782e-14 6.99216e-01 1.22318e+00 8.53301e-01 7.73762e-01 2.58566e-01 -4.24554e+00
1.60012e-01 5.59781e-14 6.99336e-01 1.22265e+00 8.53109e-01 7.73773e-01 2.58842e-01 -4.24555e+00
1.61916e-01 8.01001e-14 6.99443e-01 1.22214e+00 8.52923e-01 7.73783e-01 2.59105e-01 -4.24557e+00
1.63821e-01 1.00893e-13 6.99540e-01 1.22164e+00 8.52742e-01 7.73793e-01 2.59355e-01 -4.24559e+00
1.65726e-01 1.15327e-13 6.99627e-01 1.22116e+00 8.52566e-01 7.73802e-01 2.59593e-01 -4.24560e+00
1.67631e-01 1.20613e-13 6.99703e-01 1.22069e+00 8.52396e-01 7.73811e-01 2.59820e-01 -4.24562e+00
1.69536e-01 1.14496e-13 6.99771e-01 1.22023e+00 8.52230e-01 7.73819e-01 2.60035e-01 -4.24563e+00
1.71441e-01 9.55324e-14 6.99831e-01 1.21979e+00 8.52069e-01 7.73827e-01 2.60241e-01 -4.24565e+00
1.73346e-01 6.32874e-14 6.99882e-01 1.21936e+00 8.51913e-01 7.73835e-01 2.60437e-01 -4.24566e+00
1.75251e-01 1.84650e-14 6.99926e-01 1.21894e+00 8.51761e-01 7.73842e-01 2.60623e-01 -4.24567e+00
1.77156e-01 -3.70553e-14 6.99964e-01 1.21854e+00 8.51613e-01 7.73849e-01 2.60801e-01 -4.24568e+00
1.79061e-01 -1.00272e-13 6.99994e-01 1.21814e+00 8.51469e-01 7.73856e-01 2.60971e-01 -4.24569e+00
1.80965e-01 -1.67202e-13 7.00019e-01 1.21776e+00 8.51329e-01 7.73862e-01 2.61133e-01 -4.24570e+00
1.82870e-01 -2.33099e-13 7.00038e-01 1.21739e+00 8.51193e-01 7.73868e-01 2.61287e-01 -4.24571e+00
1.84775e-01 -2.92736e-13 7.00051e-01 1.21702e+00 8.51061e-01 7.73874e-01 2.61435e-01 -4.24572e+00
1.86680e-01 -3.40731e-13 7.00060e-01 1.21667e+00 8.50932e-01 7.73879e-01 2.61575e-01 -4.24573e+00
1.88585e-01 -3.71901e-13 7.00064e-01 1.21633e+00 8.50806e-01 7.73885e-01 2.61710e-01 -4.24574e+00
1.90490e-01 -3.81627e-13 7.00063e-01 1.21599e+00 8.50684e-01 7.73890e-01 2.61839e-01 -4.24575e+00
1.92395e-01 -3.66200e-13 7.00058e-01 1.21567e+00 8.50565e-01 7.73894e-01 2.61962e-01 -4.24576e+00
1.94300e-01 -3.23143e-13 7.00050e-01 1.21535e+00 8.50449e-01 7.73899e-01 2.62079e-01 -4.24576e+00
1.96205e-01 -2.51478e-13 7.00037e-01 1.21505e+00 8.50335e-01 7.73903e-01 2.62191e-01 -4.24577e+00
1.98110e-01 -1.51934e-13 7.00022e-01 1.21475e+00 8.50225e-01 7.73908e-01 2.62299e-01 -4.24578e+00
2.00014e-01 -2.70762e-14 7.00003e-01 1.21446e+00 8.50118e-01 7.73912e-01 2.62402e-01 -4.24579e+00
2.01919e-01 1.18662e-13 6.99981e-01 1.21417e+00 8.50013e-01 7.73915e-01 2.62500e-01 -4.24579e+00
2.03824e-01 2.79036e-13 6.99956e-01 1.21390e+00 8.49911e-01 7.73919e-01 2.62594e-01 -4.24580e+00
2.05729e-01 4.46162e-13 6.99929e-01 1.21363e+00 8.49811e-01 7.73923e-01 2.62684e-01 -4.24580e+00
2.07634e-01 6.10788e-13 6.99899e-01 1.21337e+00 8.49714e-01 7.73926e-01 2.62770e-01 -4.24581e+00
2.09539e-01 7.62677e-13 6.99867e-01 1.21312e+00 8.49620e-01 7.73929e-01 2.62853e-01 -4.24581e+00
2.11444e-01 8.91082e-13 6.99832e-01 1.21287e+00 8.49527e-01 7.73932e-01 2.62932e-01 -4.24582e+00
2.13349e-01 9.85307e-13 6.99796e-01 1.21263e+00 8.49437e-01 7.73935e-01 2.63007e-01 -4.24583e+00
2.15254e-01 1.03533e-12 6.99758e-01 1.21239e+00 8.49350e-01 7.73938e-01 2.63080e-01 -4.24583e+00
2.17159e-01 1.03245e-12 6.99718e-01 1.21217e+00 8.49264e-01 7.73941e-01 2.63149e-01 -4.24583e+00
2.19063e-01 9.69975e-13 6.99676e-01 1.21194e+00 8.49180e-01 7.73943e-01 2.63216e-01 -4.24584e+00
2.20968e-01 8.43817e-13 6.99633e-01 1.21173e+00 8.49099e-01 7.73946e-01 2.63279e-01 -4.24584e+00
2.22873e-01 6.53069e-13 6.99589e-01 1.21152e+00 8.49019e-01 7.73948e-01 2.63340e-01 -4.24585e+00
2.24778e-01 4.00439e-13 6.99543e-01 1.21131e+00 8.48941e-01 7.73950e-01 2.63399e-01 -4.24585e+00
2.26683e-01 9.25340e-14 6.99496e-01 1.21111e+00 8.48866e-01 7.73953e-01 2.63454e-01 -4.24585e+00
2.28588e-01 -2.60044e-13 6.99448e-01 1.21092e+00 8.48792e-01 7.73955e-01 2.63508e-01 -4.24586e+00
2.30493e-01 -6.42826e-13 6.99398e-01 1.21073e+00 8.48719e-01 7.73957e-01 2.63559e-01 -4.24586e+00
2.32398e-01 -1.03784e-12 6.99348e-01 1.21054e+00 8.48649e-01 7.73959e-01 2.63609e-01 -4.24586e+00
2.34303e-01 -1.42422e-12 6.99297e-01 1.21036e+00 8.48580e-01 7.73960e-01 2.63656e-01 -4.24587e+00
2.36208e-01 -1.77907e-12 6.99245e-01 1.21019e+00 8.48513e-01 7.73962e-01 2.63701e-01 -4.24587e+00
2.38112e-01 -2.07853e-12 6.99192e-01 1.21002e+00 8.48448e-01 7.73964e-01 2.63744e-01 -4.24587e+00
2.40017e-01 -2.29899e-12 6.99139e-01 1.20985e+00 8.48384e-01 7.73965e-01 2.63785e-01 -4.24588e+00
2.41922e-01 -2.41856e-12 6.99085e-01 1.20969e+00 8.48321e-01 7.73967e-01 2.63825e-01 -4.24588e+00
2.43827e-01 -2.41843e-12 6.99031e-01 1.20954e+00 8.48260e-01 7.73969e-01 2.63863e-01 -4.24588e+00
2.45732e-01 -2.28433e-12 6.98976e-01 1.20938e+00 8.48201e-01 7.73970e-01 2.63899e-01 -4.24588e+00
2.47637e-01 -2.00789e-12 6.98920e-01 1.20923e+00 8.48143e-01 7.73971e-01 2.63934e-01 -4.24589e+00
2.49542e-01 -1.58777e-12 6.98864e-01 1.20909e+00 8.48087e-01 7.73973e-01 2.63968e-01 -4.24589e+00
2.51447e-01 -1.03057e-12 6.98808e-01 1.20895e+00 8.48031e-01 7.73974e-01 2.63999e-01 -4.24589e+00
2.53352e-01 -3.51335e-13 6.98752e-01 1.20881e+00 8.47978e-01 7.73975e-01 2.64030e-01 -4.24589e+00
2.55257e-01 4.26248e-13 6.98695e-01 1.20868e+00 8.47925e-01 7.73976e-01 2.64059e-01 -4.24589e+00
2.57161e-01 1.27022e-12 6.98638e-01 1.20855e+00 8.47874e-01 7.73977e-01 2.64087e-01 -4.24590e+00
2.59066e-01 2.14114e-12 6.98581e-01 1.20842e+00 8.47824e-01 7.73978e-01 2.64114e-01 -4.24590e+00
2.60971e-01 2.99338e-12 6.98523e-01 1.20830e+00 8.47775e-01 7.73979e-01 2.64139e-01 -4.24590e+00
2.62876e-01 3.77691e-12 6.98466e-01 1.20818e+00 8.47728e-01 7.73980e-01 2.64164e-01 -4.24590e+00
2.64781e-01 4.43944e-12 6.98408e-01 1.20807e+00 8.47682e-01 7.73981e-01 2.64187e-01 -4.24590e+00
2.66686e-01 4.92904e-12 6.98351e-01 1.20795e+00 8.47636e-01 7.73982e-01 2.64209e-01 -4.24590e+00
2.68591e-01 5.19683e-12 6.98293e-01 1.20784e+00 8.47592e-01 7.73983e-01 2.64231e-01 -4.24590e+00
2.70496e-01 5.19993e-12 6.98236e-01 1.20774e+00 8.47550e-01 7.73984e-01 2.64251e-01 -4.24591e+00
2.72401e-01 4.90437e-12 6.98178e-01 1.20763e+00 8.47508e-01 7.73984e-01 2.64270e-01 -4.24591e+00
2.74306e-01 4.28780e-12 6.98121e-01 1.20753e+00 8.47467e-01 7.73985e-01 2.64289e-01 -4.24591e+00
2.76210e-01 3.34196e-12 6.98063e-01 1.20744e+00 8.47428e-01 7.73986e-01 2.64307e-01 -4.24591e+00
2.78115e-01 2.07462e-12 6.98006e-01 1.20734e+00 8.47389e-01 7.73986e-01 2.64324e-01 -4.24591e+00
2.80020e-01 5.11013e-13 6.97949e-01 1.20725e+00 8.47351e-01 7.73987e-01 2.64340e-01 -4.24591e+00
2.81925e-01 -1.30550e-12 6.97892e-01 1.20716e+00 8.47315e-01 7.73988e-01 2.64355e-01 -4.24591e+00
2.83830e-01 -3.31356e-12 6.97836e-01 1.20708e+00 8.47279e-01 7.73988e-01 2.64369e-01 -4.24591e+00
2.85735e-01 -5.43475e-12 6.97779e-01 1.20699e+00 8.47245e-01 7.73989e-01 2.64383e-01 -4.24591e+00
2.87640e-01 -7.57551e-12 6.97723e-01 1.20691e+00 8.47211e-01 7.73989e-01 2.64396e-01 -4.24592e+00
2.89545e-01 -9.62988e-12 6.97667e-01 1.20683e+00 8.47178e-01 7.73990e-01 2.64409e-01 -4.24592e+00
2.91450e-01 -1.14830e-11 6.97611e-01 1.20676e+00 8.47147e-01 7.73990e-01 2.64421e-01 -4.24592e+00
2.93355e-01 -1.30157e-11 6.97556e-01 1.20668e+00 8.47116e-01 7.73991e-01 2.64432e-01 -4.24592e+00
2.95259e-01 -1.41089e-11 6.97500e-01 1.20661e+00 8.47086e-01 7.73991e-01 2.64443e-01 -4.24592e+00
2.97164e-01 -1.46496e-11 6.97446e-01 1.20654e+00 8.47057e-01 7.73992e-01 2.64453e-01 -4.24592e+00
2.99069e-01 -1.45359e-11 6.97391e-01 1.20647e+00 8.47029e-01 7.73992e-01 2.64463e-01 -4.24592e+00
3.00974e-01 -1.36832e-11 6.97337e-01 1.20641e+00 8.47001e-01 7.73992e-01 2.64472e-01 -4.24592e+00
3.02879e-01 -1.20291e-11 6.97283e-01 1.20635e+00 8.46975e-01 7.73993e-01 2.64480e-01 -4.24592e+00
3.04784e-01 -9.53860e-12 6.97230e-01 1.20629e+00 8.46949e-01 7.73993e-01 2.64488e-01 -4.24592e+00
3.06689e-01 -6.20850e-12 6.97177e-01 1.20623e+00 8.46924e-01 7.73993e-01 2.64496e-01 -4.24592e+00
3.08594e-01 -2.07054e-12 6.97124e-01 1.20617e+00 8.46900e-01 7.73993e-01 2.64503e-01 -4.24592e+00
3.10499e-01 2.80617e-12 6.97072e-01 1.20612e+00 8.46877e-01 7.73994e-01 2.64510e-01 -4.24592e+00
3.12404e-01 8.31427e-12 6.97020e-01 1.20607e+00 8.46854e-01 7.73994e-01 2.64516e-01 -4.24592e+00
3.14308e-01 1.43085e-11 6.96968e-01 1.20602e+00 8.46833e-01 7.73994e-01 2.64522e-01 -4.24592e+00
3.16213e-01 2.06078e-11 6.96918e-01 1.20597e+00 8.46812e-01 7.73994e-01 2.64528e-01 -4.24592e+00
3.18118e-01 2.69985e-11 6.96867e-01 1.20592e+00 8.46792e-01 7.73995e-01 2.64533e-01 -4.24592e+00
3.20023e-01 3.32394e-11 6.96817e-01 1.20588e+00 8.46772e-01 7.73995e-01 2.64538e-01 -4.24592e+00
3.21928e-01 3.90685e-11 6.96767e-01 1.20584e+00 8.46753e-01 7.73995e-01 2.64543e-01 -4.24592e+00
3.23833e-01 4.42100e-11 6.96718e-01 1.20579e+00 8.46735e-01 7.73995e-01 2.64547e-01 -4.24592e+00
3.25738e-01 4.83837e-11 6.96669e-01 1.20576e+00 8.46718e-01 7.73995e-01 2.64551e-01 -4.24593e+00
3.27643e-01 5.13144e-11 6.96621e-01 1.20572e+00 8.46701e-01 7.73995e-01 2.64555e-01 -4.24593e+00
3.29548e-01 5.27419e-11 6.96574e-01 1.20568e+00 8.46686e-01 7.73996e-01 2.64558e-01 -4.24593e+00
3.31453e-01 5.24320e-11 6.96526e-01 1.20565e+00 8.46670e-01 7.73996e-01 2.64561e-01 -4.24593e+00
3.33357e-01 5.01864e-11 6.96480e-01 1.20562e+00 8.46656e-01 7.73996e-01 2.64564e-01 -4.24593e+00
3.35262e-01 4.58531e-11 6.96434e-01 1.20558e+00 8.46642e-01 7.73996e-01 2.64567e-01 -4.24593e+00
3.37167e-01 3.93351e-11 6.96388e-01 1.20556e+00 8.46629e-01 7.73996e-01 2.64569e-01 -4.24593e+00
3.39072e-01 3.05990e-11 6.96343e-01 1.20553e+00 8.46616e-01 7.73996e-01 2.64571e-01 -4.24593e+00
3.40977e-01 1.96808e-11 6.96298e-01 1.20550e+00 8.46604e-01 7.73996e-01 2.64573e-01 -4.24593e+00
3.42882e-01 6.69158e-12 6.96254e-01 1.20548e+00 8.46593e-01 7.73996e-01 2.64575e-01 -4.24593e+00
3.44787e-01 -8.18060e-12 6.96211e-01 1.20545e+00 8.46583e-01 7.73996e-01 2.64577e-01 -4.24593e+00
3.46692e-01 -2.46697e-11 6.96168e-01 1.20543e+00 8.46573e-01 7.73996e-01 2.64578e-01 -4.24593e+00
3.48597e-01 -4.24338e-11 6.96125e-01 1.20541e+00 8.46563e-01 7.73996e-01 2.64580e-01 -4.24593e+00
3.50502e-01 -6.10594e-11 6.96083e-01 1.20539e+00 8.46555e-01 7.73996e-01 2.64581e-01 -4.24593e+00
3.52406e-01 -8.00680e-11 6.96042e-01 1.20538e+00 8.46547e-01 7.73997e-01 2.64582e-01 -4.24593e+00
3.54311e-01 -9.89259e-11 6.96001e-01 1.20536e+00 8.46539e-01 7.73997e-01 2.64583e-01 -4.24593e+00
3.56216e-01 -1.17055e-10 6.95961e-01 1.20534e+00 8.46532e-01 7.73997e-01 2.64584e-01 -4.24593e+00
3.58121e-01 -1.33847e-10 6.95922e-01 1.20533e+00 8.46526e-01 7.73997e-01 2.64584e-01 -4.24593e+00
3.60026e-01 -1.48677e-10 6.95883e-01 1.20532e+00 8.46520e-01 7.73997e-01 2.64585e-01 -4.24593e+00
3.61931e-01 -1.60923e-10 6.95844e-01 1.20531e+00 8.46515e-01 7.73997e-01 2.64585e-01 -4.24593e+00
3.63836e-01 -1.69981e-10 6.95806e-01 1.20530e+00 8.46511e-01 7.73997e-01 2.64586e-01 -4.24593e+00
3.65741e-01 -1.75285e-10 6.95769e-01 1.20529e+00 8.46507e-01 7.73997e-01 2.64586e-01 -4.24593e+00
3.67646e-01 -1.76324e-10 6.95732e-01 1.20528e+00 8.46503e-01 7.73997e-01 2.64586e-01 -4.24593e+00
3.69551e-01 -1.72660e-10 6.95696e-01 1.20528e+00 8.46500e-01 7.73997e-01 2.64586e-01 -4.24593e+00
3.71455e-01 -1.63946e-10 6.95661e-01 1.20527e+00 8.46498e-01 7.73997e-01 2.64587e-01 -4.24593e+00
3.73360e-01 -1.49942e-10 6.95626e-01 1.20527e+00 8.46497e-01 7.73997e-01 2.64587e-01 -4.24593e+00
3.75265e-01 -1.30526e-10 6.95592e-01 1.20527e+00 8.46495e-01 7.73997e-01 2.64587e-01 -4.24593e+00
3.77170e-01 -1.05709e-10 6.95558e-01 1.20527e+00 8.46495e-01 7.73997e-01 2.64587e-01 -4.24593e+00
3.79075e-01 -7.56403e-11 6.95525e-01 1.20527e+00 8.46495e-01 7.73997e-01 2.64587e-01 -4.24593e+00
