# x AR CA ca co phi u v
0.00000e+00 6.00000e-01 3.00000e-01 4.99135e-01 4.99135e-01 8.00000e-01 1.00000e+00 -4.28317e+00
1.90490e-03 6.99988e-01 1.83347e-01 5.52636e-01 5.23151e-01 8.07518e-01 1.24022e+00 -4.29124e+00
3.80980e-03 7.56287e-01 1.17666e-01 5.99836e-01 5.44300e-01 8.09701e-01 1.31250e+00 -4.29331e+00
5.71470e-03 7.89838e-01 7.85220e-02 6.43665e-01 5.63964e-01 8.09702e-01 1.31250e+00 -4.29331e+00
7.61960e-03 8.10472e-01 5.44495e-02 6.85511e-01 5.82797e-01 8.08918e-01 1.28643e+00 -4.29259e+00
9.52450e-03 8.23448e-01 3.93103e-02 7.26077e-01 6.01135e-01 8.07963e-01 1.25485e+00 -4.29167e+00
1.14294e-02 8.31765e-01 2.96072e-02 7.65733e-01 6.19151e-01 8.07082e-01 1.22593e+00 -4.29081e+00
1.33343e-02 8.37185e-01 2.32847e-02 8.04680e-01 6.36943e-01 8.06355e-01 1.20217e+00 -4.29009e+00
1.52392e-02 8.40762e-01 1.91113e-02 8.43030e-01 6.54561e-01 8.05787e-01 1.18371e+00 -4.28951e+00
1.71441e-02 8.43139e-01 1.63373e-02 8.80846e-01 6.72036e-01 8.05358e-01 1.16982e+00 -4.28907e+00
1.90490e-02 8.44716e-01 1.44975e-02 9.18170e-01 6.89386e-01 8.05040e-01 1.15957e+00 -4.28874e+00
2.09539e-02 8.45746e-01 1.32963e-02 9.55027e-01 7.06621e-01 8.04809e-01 1.15211e+00 -4.28850e+00
2.28588e-02 8.46395e-01 1.25392e-02 9.91435e-01 7.23750e-01 8.04642e-01 1.14675e+00 -4.28832e+00
2.47637e-02 8.46778e-01 1.20924e-02 1.02741e+00 7.40776e-01 8.04523e-01 1.14293e+00 -4.28820e+00
2.66686e-02 8.46978e-01 1.18587e-02 1.06296e+00 7.57703e-01 8.04439e-01 1.14024e+00 -4.28811e+00
2.85735e-02 8.47060e-01 1.17637e-02 1.09809e+00 7.74533e-01 8.04381e-01 1.13836e+00 -4.28804e+00
3.04784e-02 8.47072e-01 1.17493e-02 1.13281e+00 7.91269e-01 8.04341e-01 1.13706e+00 -4.28800e+00
3.23833e-02 8.47053e-01 1.17714e-02 1.16713e+00 8.07911e-01 8.04313e-01 1.13617e+00 -4.28797e+00
3.42882e-02 8.47027e-01 1.18017e-02 1.20106e+00 8.24460e-01 8.04293e-01 1.13555e+00 -4.28795e+00
3.61931e-02 8.46999e-01 1.18348e-02 1.23458e+00 8.40915e-01 8.04280e-01 1.13511e+00 -4.28794e+00
3.80980e-02 6.22272e-01 2.95497e-02 1.26772e+00 8.57278e-01 8.04269e-01 1.13477e+00 -4.28793e+00
4.00029e-02 3.58925e-01 5.09016e-02 1.28162e+00 8.64316e-01 7.94569e-01 8.34552e-01 -4.27651e+00
4.19078e-02 1.41862e-01 6.95802e-02 1.28515e+00 8.66318e-01 7.83458e-01 5.16001e-01 -4.26095e+00
4.38127e-02 3.40886e-02 8.08947e-02 1.28434e+00 8.66212e-01 7.74657e-01 2.81569e-01 -4.24702e+00
4.57176e-02 4.33413e-03 8.85998e-02 1.28240e+00 8.65555e-01 7.68855e-01 1.35136e-01 -4.23718e+00
4.76225e-02 2.14648e-04 1.04301e-01 1.28033e+00 8.64827e-01 7.65323e-01 4.90334e-02 -4.23095e+00
4.95274e-02 -1.00766e-08 2.63671e-01 1.27827e+00 8.64102e-01 7.63222e-01 -1.14772e-03 -4.22716e+00
5.14323e-02 4.84010e-13 1.23840e-01 1.27627e+00 8.63400e-01 7.61991e-01 -3.01915e-02 -4.22492e+00
5.33372e-02 -7.61803e-17 1.04262e-01 1.27431e+00 8.62710e-01 7.61267e-01 -4.71429e-02 -4.22359e+00
5.52421e-02 -4.73433e-21 1.37104e-01 1.27239e+00 8.62031e-01 7.60843e-01 -5.70205e-02 -4.22282e+00
5.71470e-02 1.01452e-22 1.68658e-01 1.27051e+00 8.61365e-01 7.60600e-01 -6.26803e-02 -4.22237e+00
5.90519e-02 -2.73816e-21 1.99514e-01 1.26867e+00 8.60712e-01 7.60465e-01 -6.58122e-02 -4.22212e+00
6.09568e-02 -5.60989e-22 2.30229e-01 1.26688e+00 8.60076e-01 7.60396e-01 -6.74210e-02 -4.22199e+00
6.28617e-02 -5.23888e-22 2.60946e-01 1.26513e+00 8.59456e-01 7.60366e-01 -6.81066e-02 -4.22193e+00
6.47666e-02 1.19873e-21 2.91599e-01 1.26344e+00 8.58853e-01 7.60361e-01 -6.82290e-02 -4.22193e+00
6.66715e-02 1.47515e-21 3.22016e-01 1.26179e+00 8.58268e-01 7.60370e-01 -6.80050e-02 -4.22194e+00
6.85764e-02 -1.14608e-21 3.51973e-01 1.26020e+00 8.57701e-01 7.60389e-01 -6.75668e-02 -4.22198e+00
7.04813e-02 2.55085e-21 3.81234e-01 1.25865e+00 8.57152e-01 7.60414e-01 -6.69958e-02 -4.22202e+00
7.23862e-02 1.36131e-21 4.09567e-01 1.25715e+00 8.56622e-01 7.60442e-01 -6.63430e-02 -4.22208e+00
7.42911e-02 7.14553e-22 4.36763e-01 1.25570e+00 8.56109e-01 7.60472e-01 -6.56411e-02 -4.22213e+00
7.61960e-02 -9.26310e-22 4.62643e-01 1.25430e+00 8.55614e-01 7.60504e-01 -6.49118e-02 -4.22219e+00
7.81009e-02 8.62943e-22 4.87063e-01 1.25295e+00 8.55138e-01 7.60536e-01 -6.41697e-02 -4.22225e+00
8.00058e-02 9.84771e-26 5.09915e-01 1.25165e+00 8.54678e-01 7.60568e-01 -6.34252e-02 -4.22231e+00
8.19107e-02 -4.34815e-23 5.31126e-01 1.25038e+00 8.54235e-01 7.60599e-01 -6.26859e-02 -4.22237e+00
8.38156e-02 1.08173e-21 5.50657e-01 1.24917e+00 8.53809e-01 7.60631e-01 -6.19575e-02 -4.22242e+00
8.57205e-02 -3.17575e-22 5.68503e-01 1.24799e+00 8.53399e-01 7.60661e-01 -6.12440e-02 -4.22248e+00
8.76254e-02 -7.47487e-22 5.84686e-01 1.24686e+00 8.53004e-01 7.60691e-01 -6.05487e-02 -4.22254e+00
8.95303e-02 -1.81001e-22 5.99253e-01 1.24576e+00 8.52624e-01 7.60720e-01 -5.98740e-02 -4.22259e+00
9.14352e-02 -2.09412e-22 6.12275e-01 1.24470e+00 8.52258e-01 7.60748e-01 -5.92216e-02 -4.22264e+00
9.33401e-02 2.31753e-21 6.23841e-01 1.24368e+00 8.51906e-01 7.60775e-01 -5.85927e-02 -4.22269e+00
9.52450e-02 -3.63837e-22 6.34051e-01 1.24270e+00 8.51567e-01 7.60801e-01 -5.79881e-02 -4.22274e+00
9.71499e-02 -6.96892e-22 6.43016e-01 1.24175e+00 8.51241e-01 7.60826e-01 -5.74082e-02 -4.22278e+00
9.90548e-02 -1.38870e-20 6.50853e-01 1.24083e+00 8.50927e-01 7.60850e-01 -5.68530e-02 -4.22283e+00
1.00960e-01 -3.16048e-19 6.57678e-01 1.23994e+00 8.50625e-01 7.60873e-01 -5.63224e-02 -4.22287e+00
1.02865e-01 -7.63245e-18 6.63605e-01 1.23908e+00 8.50333e-01 7.60895e-01 -5.58159e-02 -4.22291e+00
1.04769e-01 -1.87266e-16 6.68742e-01 1.23825e+00 8.50052e-01 7.60915e-01 -5.53330e-02 -4.22295e+00
1.06674e-01 -4.65772e-15 6.73191e-01 1.23745e+00 8.49781e-01 7.60935e-01 -5.48730e-02 -4.22299e+00
1.08579e-01 -1.17368e-13 6.77041e-01 1.23667e+00 8.49520e-01 7.60954e-01 -5.44352e-02 -4.22302e+00
1.10484e-01 -2.99461e-12 6.80375e-01 1.23592e+00 8.49268e-01 7.60972e-01 -5.40186e-02 -4.22305e+00
1.12389e-01 -7.73236e-11 6.83264e-01 1.23520e+00 8.49024e-01 7.60989e-01 -5.36224e-02 -4.22308e+00
1.14294e-01 -2.01947e-09 6.85768e-01 1.23449e+00 8.48789e-01 7.61005e-01 -5.32457e-02 -4.22311e+00
1.16199e-01 -2.07462e-09 6.87942e-01 1.23381e+00 8.48562e-01 7.61020e-01 -5.28876e-02 -4.22314e+00
1.18104e-01 -2.11749e-09 6.89829e-01 1.23315e+00 8.48342e-01 7.61035e-01 -5.25472e-02 -4.22317e+00
1.20009e-01 -2.15148e-09 6.91469e-01 1.23251e+00 8.48130e-01 7.61049e-01 -5.22235e-02 -4.22319e+00
1.21914e-01 -2.17958e-09 6.92892e-01 1.23189e+00 8.47925e-01 7.61062e-01 -5.19158e-02 -4.22322e+00
1.23818e-01 -2.20412e-09 6.94128e-01 1.23129e+00 8.47726e-01 7.61075e-01 -5.16231e-02 -4.22324e+00
1.25723e-01 -2.22676e-09 6.95198e-01 1.23070e+00 8.47534e-01 7.61087e-01 -5.13447e-02 -4.22326e+00
1.27628e-01 -2.24855e-09 6.96123e-01 1.23014e+00 8.47348e-01 7.61098e-01 -5.10799e-02 -4.22328e+00
1.29533e-01 -2.27011e-09 6.96920e-01 1.22959e+00 8.47167e-01 7.61109e-01 -5.08278e-02 -4.22330e+00
1.31438e-01 -2.29176e-09 6.97602e-01 1.22905e+00 8.46993e-01 7.61119e-01 -5.05879e-02 -4.22332e+00
1.33343e-01 -2.31364e-09 6.98184e-01 1.22854e+00 8.46823e-01 7.61129e-01 -5.03594e-02 -4.22334e+00
1.35248e-01 -2.33581e-09 6.98674e-01 1.22803e+00 8.46659e-01 7.61138e-01 -5.01418e-02 -4.22336e+00
1.37153e-01 -2.35829e-09 6.99083e-01 1.22754e+00 8.46500e-01 7.61147e-01 -4.99344e-02 -4.22338e+00
1.39058e-01 -2.38104e-09 6.99420e-01 1.22707e+00 8.46345e-01 7.61156e-01 -4.97367e-02 -4.22339e+00
1.40963e-01 -2.40407e-09 6.99690e-01 1.22661e+00 8.46195e-01 7.61164e-01 -4.95483e-02 -4.22341e+00
1.42867e-01 -2.42734e-09 6.99901e-01 1.22616e+00 8.46050e-01 7.61171e-01 -4.93685e-02 -4.22342e+00
1.44772e-01 -2.45084e-09 7.00058e-01 1.22572e+00 8.45908e-01 7.61179e-01 -4.91970e-02 -4.22343e+00
1.46677e-01 -2.47455e-09 7.00166e-01 1.22530e+00 8.45771e-01 7.61186e-01 -4.90333e-02 -4.22345e+00
1.48582e-01 -2.49845e-09 7.00229e-01 1.22488e+00 8.45637e-01 7.61192e-01 -4.88770e-02 -4.22346e+00
1.50487e-01 -2.52253e-09 7.00252e-01 1.22448e+00 8.45508e-01 7.61199e-01 -4.87278e-02 -4.22347e+00
1.52392e-01 -2.54677e-09 7.00238e-01 1.22409e+00 8.45381e-01 7.61205e-01 -4.85852e-02 -4.22348e+00
1.54297e-01 -2.57117e-09 7.00190e-01 1.22371e+00 8.45259e-01 7.61211e-01 -4.84489e-02 -4.22349e+00
1.56202e-01 -2.59571e-09 7.00110e-01 1.22334e+00 8.45140e-01 7.61216e-01 -4.83187e-02 -4.22350e+00
1.58107e-01 -2.62038e-09 7.00003e-01 1.22298e+00 8.45023e-01 7.61222e-01 -4.81942e-02 -4.22351e+00
1.60012e-01 -2.64517e-09 6.99869e-01 1.22263e+00 8.44911e-01 7.61227e-01 -4.80751e-02 -4.22352e+00
1.61916e-01 -2.67008e-09 6.99711e-01 1.22229e+00 8.44801e-01 7.61232e-01 -4.79611e-02 -4.22353e+00
1.63821e-01 -2.69509e-09 6.99531e-01 1.22196e+00 8.44694e-01 7.61236e-01 -4.78521e-02 -4.22354e+00
1.65726e-01 -2.72021e-09 6.99331e-01 1.22163e+00 8.44589e-01 7.61241e-01 -4.77477e-02 -4.22355e+00
1.67631e-01 -2.74541e-09 6.99112e-01 1.22132e+00 8.44488e-01 7.61245e-01 -4.76478e-02 -4.22356e+00
1.69536e-01 -2.77070e-09 6.98875e-01 1.22101e+00 8.44389e-01 7.61249e-01 -4.75520e-02 -4.22356e+00
1.71441e-01 -2.79607e-09 6.98622e-01 1.22071e+00 8.44293e-01 7.61253e-01 -4.74604e-02 -4.22357e+00
1.73346e-01 -2.82152e-09 6.98354e-01 1.22042e+00 8.44199e-01 7.61257e-01 -4.73725e-02 -4.22358e+00
1.75251e-01 -2.84704e-09 6.98072e-01 1.22013e+00 8.44108e-01 7.61260e-01 -4.72884e-02 -4.22358e+00
1.77156e-01 -2.87263e-09 6.97778e-01 1.21986e+00 8.44018e-01 7.61264e-01 -4.72077e-02 -4.22359e+00
1.79061e-01 -2.89827e-09 6.97471e-01 1.21958e+00 8.43932e-01 7.61267e-01 -4.71303e-02 -4.22360e+00
1.80965e-01 -2.92398e-09 6.97153e-01 1.21932e+00 8.43847e-01 7.61270e-01 -4.70561e-02 -4.22360e+00
1.82870e-01 -2.94974e-09 6.96825e-01 1.21906e+00 8.43764e-01 7.61273e-01 -4.69850e-02 -4.22361e+00
1.84775e-01 -2.97556e-09 6.96488e-01 1.21881e+00 8.43684e-01 7.61276e-01 -4.69167e-02 -4.22361e+00
1.86680e-01 -3.00142e-09 6.96141e-01 1.21857e+00 8.43605e-01 7.61279e-01 -4.68513e-02 -4.22362e+00
1.88585e-01 -3.02733e-09 6.95786e-01 1.21833e+00 8.43528e-01 7.61282e-01 -4.67884e-02 -4.22362e+00
1.90490e-01 -3.05328e-09 6.95423e-01 1.21810e+00 8.43453e-01 7.61284e-01 -4.67281e-02 -4.22363e+00
1.92395e-01 -3.07928e-09 6.95053e-01 1.21787e+00 8.43380e-01 7.61287e-01 -4.66703e-02 -4.22363e+00
1.94300e-01 -3.10531e-09 6.94676e-01 1.21765e+00 8.43309e-01 7.61289e-01 -4.66147e-02 -4.22364e+00
1.96205e-01 -3.13138e-09 6.94292e-01 1.21744e+00 8.43240e-01 7.61292e-01 -4.65614e-02 -4.22364e+00
1.98110e-01 -3.15748e-09 6.93903e-01 1.21723e+00 8.43172e-01 7.61294e-01 -4.65101e-02 -4.22364e+00
2.00014e-01 -3.18362e-09 6.93508e-01 1.21702e+00 8.43105e-01 7.61296e-01 -4.64609e-02 -4.22365e+00
2.01919e-01 -3.20979e-09 6.93108e-01 1.21682e+00 8.43041e-01 7.61298e-01 -4.64137e-02 -4.22365e+00
2.03824e-01 -3.23598e-09 6.92703e-01 1.21663e+00 8.42978e-01 7.61300e-01 -4.63683e-02 -4.22366e+00
2.05729e-01 -3.26221e-09 6.92293e-01 1.21644e+00 8.42916e-01 7.61302e-01 -4.63247e-02 -4.22366e+00
2.07634e-01 -3.28846e-09 6.91879e-01 1.21625e+00 8.42856e-01 7.61303e-01 -4.62829e-02 -4.22366e+00
2.09539e-01 -3.31474e-09 6.91460e-01 1.21607e+00 8.42797e-01 7.61305e-01 -4.62426e-02 -4.22367e+00
2.11444e-01 -3.34104e-09 6.91038e-01 1.21589e+00 8.42739e-01 7.61307e-01 -4.62040e-02 -4.22367e+00
2.13349e-01 -3.36736e-09 6.90613e-01 1.21572e+00 8.42683e-01 7.61308e-01 -4.61668e-02 -4.22367e+00
2.15254e-01 -3.39370e-09 6.90183e-01 1.21556e+00 8.42629e-01 7.61310e-01 -4.61312e-02 -4.22367e+00
2.17159e-01 -3.42007e-09 6.89751e-01 1.21539e+00 8.42575e-01 7.61311e-01 -4.60969e-02 -4.22368e+00
2.19063e-01 -3.44645e-09 6.89316e-01 1.21523e+00 8.42523e-01 7.61313e-01 -4.60639e-02 -4.22368e+00
2.20968e-01 -3.47285e-09 6.88878e-01 1.21508e+00 8.42472e-01 7.61314e-01 -4.60323e-02 -4.22368e+00
2.22873e-01 -3.49927e-09 6.88437e-01 1.21492e+00 8.42422e-01 7.61315e-01 -4.60018e-02 -4.22368e+00
2.24778e-01 -3.52571e-09 6.87994e-01 1.21478e+00 8.42373e-01 7.61317e-01 -4.59726e-02 -4.22369e+00
2.26683e-01 -3.55216e-09 6.87548e-01 1.21463e+00 8.42326e-01 7.61318e-01 -4.59445e-02 -4.22369e+00
2.28588e-01 -3.57863e-09 6.87100e-01 1.21449e+00 8.42279e-01 7.61319e-01 -4.59175e-02 -4.22369e+00
2.30493e-01 -3.60511e-09 6.86650e-01 1.21435e+00 8.42234e-01 7.61320e-01 -4.58916e-02 -4.22369e+00
2.32398e-01 -3.63161e-09 6.86198e-01 1.21422e+00 8.42190e-01 7.61321e-01 -4.58667e-02 -4.22370e+00
2.34303e-01 -3.65811e-09 6.85745e-01 1.21409e+00 8.42146e-01 7.61322e-01 -4.58427e-02 -4.22370e+00
2.36208e-01 -3.68464e-09 6.85289e-01 1.21396e+00 8.42104e-01 7.61323e-01 -4.58197e-02 -4.22370e+00
2.38112e-01 -3.71117e-09 6.84832e-01 1.21384e+00 8.42063e-01 7.61324e-01 -4.57976e-02 -4.22370e+00
2.40017e-01 -3.73771e-09 6.84373e-01 1.21372e+00 8.42023e-01 7.61325e-01 -4.57764e-02 -4.22370e+00
2.41922e-01 -3.76427e-09 6.83912e-01 1.21360e+00 8.41983e-01 7.61326e-01 -4.57560e-02 -4.22370e+00
2.43827e-01 -3.79083e-09 6.83450e-01 1.21349e+00 8.41945e-01 7.61327e-01 -4.57365e-02 -4.22371e+00
2.45732e-01 -3.81741e-09 6.82987e-01 1.21337e+00 8.41907e-01 7.61328e-01 -4.57177e-02 -4.22371e+00
2.47637e-01 -3.84399e-09 6.82523e-01 1.21326e+00 8.41871e-01 7.61328e-01 -4.56996e-02 -4.22371e+00
2.49542e-01 -3.87059e-09 6.82057e-01 1.21316e+00 8.41835e-01 7.61329e-01 -4.56823e-02 -4.22371e+00
2.51447e-01 -3.89719e-09 6.81590e-01 1.21305e+00 8.41800e-01 7.61330e-01 -4.56657e-02 -4.22371e+00
2.53352e-01 -3.92380e-09 6.81122e-01 1.21295e+00 8.41766e-01 7.61331e-01 -4.56498e-02 -4.22371e+00
2.55257e-01 -3.95042e-09 6.80653e-01 1.21286e+00 8.41733e-01 7.61331e-01 -4.56345e-02 -4.22371e+00
2.57161e-01 -3.97705e-09 6.80183e-01 1.21276e+00 8.41700e-01 7.61332e-01 -4.56198e-02 -4.22371e+00
2.59066e-01 -4.00368e-09 6.79712e-01 1.21267e+00 8.41668e-01 7.61332e-01 -4.56057e-02 -4.22372e+00
2.60971e-01 -4.03032e-09 6.79241e-01 1.21258e+00 8.41638e-01 7.61333e-01 -4.55922e-02 -4.22372e+00
2.62876e-01 -4.05697e-09 6.78768e-01 1.21249e+00 8.41607e-01 7.61334e-01 -4.55793e-02 -4.22372e+00
2.64781e-01 -4.08362e-09 6.78295e-01 1.21240e+00 8.41578e-01 7.61334e-01 -4.55669e-02 -4.22372e+00
2.66686e-01 -4.11028e-09 6.77821e-01 1.21232e+00 8.41549e-01 7.61335e-01 -4.55551e-02 -4.22372e+00
2.68591e-01 -4.13695e-09 6.77346e-01 1.21224e+00 8.41521e-01 7.61335e-01 -4.55437e-02 -4.22372e+00
2.70496e-01 -4.16362e-09 6.76871e-01 1.21216e+00 8.41494e-01 7.61336e-01 -4.55328e-02 -4.22372e+00
2.72401e-01 -4.19029e-09 6.76395e-01 1.21208e+00 8.41468e-01 7.61336e-01 -4.55224e-02 -4.22372e+00
2.74306e-01 -4.21698e-09 6.75918e-01 1.21201e+00 8.41442e-01 7.61336e-01 -4.55124e-02 -4.22372e+00
2.76210e-01 -4.24366e-09 6.75441e-01 1.21194e+00 8.41417e-01 7.61337e-01 -4.55029e-02 -4.22372e+00
2.78115e-01 -4.27035e-09 6.74963e-01 1.21187e+00 8.41392e-01 7.61337e-01 -4.54938e-02 -4.22372e+00
2.80020e-01 -4.29705e-09 6.74484e-01 1.21180e+00 8.41368e-01 7.61338e-01 -4.54851e-02 -4.22373e+00
2.81925e-01 -4.32375e-09 6.74006e-01 1.21173e+00 8.41345e-01 7.61338e-01 -4.54768e-02 -4.22373e+00
2.83830e-01 -4.35045e-09 6.73526e-01 1.21167e+00 8.41322e-01 7.61338e-01 -4.54688e-02 -4.22373e+00
2.85735e-01 -4.37716e-09 6.73047e-01 1.21160e+00 8.41300e-01 7.61339e-01 -4.54612e-02 -4.22373e+00
2.87640e-01 -4.40387e-09 6.72567e-01 1.21154e+00 8.41279e-01 7.61339e-01 -4.54540e-02 -4.22373e+00
2.89545e-01 -4.43059e-09 6.72086e-01 1.21148e+00 8.41258e-01 7.61339e-01 -4.54471e-02 -4.22373e+00
2.91450e-01 -4.45731e-09 6.71605e-01 1.21143e+00 8.41238e-01 7.61339e-01 -4.54406e-02 -4.22373e+00
2.93355e-01 -4.48403e-09 6.71124e-01 1.21137e+00 8.41218e-01 7.61340e-01 -4.54343e-02 -4.22373e+00
2.95259e-01 -4.51075e-09 6.70643e-01 1.21132e+00 8.41199e-01 7.61340e-01 -4.54284e-02 -4.22373e+00
2.97164e-01 -4.53748e-09 6.70161e-01 1.21127e+00 8.41181e-01 7.61340e-01 -4.54227e-02 -4.22373e+00
2.99069e-01 -4.56421e-09 6.69679e-01 1.21122e+00 8.41163e-01 7.61340e-01 -4.54174e-02 -4.22373e+00
3.00974e-01 -4.59094e-09 6.69196e-01 1.21117e+00 8.41145e-01 7.61341e-01 -4.54123e-02 -4.22373e+00
3.02879e-01 -4.61768e-09 6.68714e-01 1.21112e+00 8.41128e-01 7.61341e-01 -4.54074e-02 -4.22373e+00
3.04784e-01 -4.64441e-09 6.68231e-01 1.21108e+00 8.41112e-01 7.61341e-01 -4.54028e-02 -4.22373e+00
3.06689e-01 -4.67115e-09 6.67748e-01 1.21103e+00 8.41096e-01 7.61341e-01 -4.53985e-02 -4.22373e+00
3.08594e-01 -4.69790e-09 6.67264e-01 1.21099e+00 8.41081e-01 7.61341e-01 -4.53944e-02 -4.22373e+00
3.10499e-01 -4.72464e-09 6.66781e-01 1.21095e+00 8.41066e-01 7.61342e-01 -4.53905e-02 -4.22373e+00
3.12404e-01 -4.75139e-09 6.66297e-01 1.21091e+00 8.41052e-01 7.61342e-01 -4.53868e-02 -4.22373e+00
3.14308e-01 -4.77814e-09 6.65813e-01 1.21087e+00 8.41038e-01 7.61342e-01 -4.53834e-02 -4.22373e+00
3.16213e-01 -4.80489e-09 6.65329e-01 1.21084e+00 8.41025e-01 7.61342e-01 -4.53801e-02 -4.22373e+00
3.18118e-01 -4.83164e-09 6.64844e-01 1.21080e+00 8.41012e-01 7.61342e-01 -4.53771e-02 -4.22373e+00
3.20023e-01 -4.85840e-09 6.64360e-01 1.21077e+00 8.40999e-01 7.61342e-01 -4.53742e-02 -4.22373e+00
3.21928e-01 -4.88515e-09 6.63875e-01 1.21074e+00 8.40987e-01 7.61342e-01 -4.53715e-02 -4.22373e+00
3.23833e-01 -4.91191e-09 6.63390e-01 1.21071e+00 8.40976e-01 7.61343e-01 -4.53689e-02 -4.22373e+00
3.25738e-01 -4.93867e-09 6.62905e-01 1.21068e+00 8.40965e-01 7.61343e-01 -4.53666e-02 -4.22373e+00
3.27643e-01 -4.96543e-09 6.62420e-01 1.21065e+00 8.40954e-01 7.61343e-01 -4.53644e-02 -4.22373e+00
3.29548e-01 -4.99219e-09 6.61935e-01 1.21062e+00 8.40944e-01 7.61343e-01 -4.53623e-02 -4.22374e+00
3.31453e-01 -5.01895e-09 6.61450e-01 1.21060e+00 8.40935e-01 7.61343e-01 -4.53604e-02 -4.22374e+00
3.33357e-01 -5.04571e-09 6.60965e-01 1.21057e+00 8.40925e-01 7.61343e-01 -4.53586e-02 -4.22374e+00
3.35262e-01 -5.07247e-09 6.60480e-01 1.21055e+00 8.40916e-01 7.61343e-01 -4.53570e-02 -4.22374e+00
3.37167e-01 -5.09923e-09 6.59995e-01 1.21053e+00 8.40908e-01 7.61343e-01 -4.53554e-02 -4.22374e+00
3.39072e-01 -5.12599e-09 6.59510e-01 1.21051e+00 8.40900e-01 7.61343e-01 -4.53540e-02 -4.22374e+00
3.40977e-01 -5.15275e-09 6.59024e-01 1.21049e+00 8.40893e-01 7.61343e-01 -4.53528e-02 -4.22374e+00
3.42882e-01 -5.17951e-09 6.58539e-01 1.21047e+00 8.40885e-01 7.61343e-01 -4.53516e-02 -4.22374e+00
3.44787e-01 -5.20628e-09 6.58053e-01 1.21045e+00 8.40879e-01 7.61343e-01 -4.53505e-02 -4.22374e+00
3.46692e-01 -5.23304e-09 6.57568e-01 1.21043e+00 8.40872e-01 7.61343e-01 -4.53495e-02 -4.22374e+00
3.48597e-01 -5.25981e-09 6.57082e-01 1.21042e+00 8.40866e-01 7.61343e-01 -4.53487e-02 -4.22374e+00
3.50502e-01 -5.28658e-09 6.56597e-01 1.21040e+00 8.40861e-01 7.61343e-01 -4.53479e-02 -4.22374e+00
3.52406e-01 -5.31335e-09 6.56111e-01 1.21039e+00 8.40856e-01 7.61343e-01 -4.53472e-02 -4.22374e+00
3.54311e-01 -5.34012e-09 6.55625e-01 1.21038e+00 8.40851e-01 7.61344e-01 -4.53465e-02 -4.22374e+00
3.56216e-01 -5.36689e-09 6.55139e-01 1.21037e+00 8.40847e-01 7.61344e-01 -4.53460e-02 -4.22374e+00
3.58121e-01 -5.39366e-09 6.54653e-01 1.21036e+00 8.40843e-01 7.61344e-01 -4.53455e-02 -4.22374e+00
3.60026e-01 -5.42043e-09 6.54167e-01 1.21035e+00 8.40839e-01 7.61344e-01 -4.53451e-02 -4.22374e+00
3.61931e-01 -5.44720e-09 6.53681e-01 1.21034e+00 8.40836e-01 7.61344e-01 -4.53447e-02 -4.22374e+00
3.63836e-01 -5.47396e-09 6.53196e-01 1.21033e+00 8.40833e-01 7.61344e-01 -4.53444e-02 -4.22374e+00
3.65741e-01 -5.50073e-09 6.52710e-01 1.21033e+00 8.40830e-01 7.61344e-01 -4.53442e-02 -4.22374e+00
3.67646e-01 -5.52749e-09 6.52225e-01 1.21032e+00 8.40828e-01 7.61344e-01 -4.53440e-02 -4.22374e+00
3.69551e-01 -5.55425e-09 6.51739e-01 1.21032e+00 8.40827e-01 7.61344e-01 -4.53438e-02 -4.22374e+00
3.71455e-01 -5.58101e-09 6.51254e-01 1.21031e+00 8.40825e-01 7.61344e-01 -4.53437e-02 -4.22374e+00
3.73360e-01 -5.60777e-09 6.50769e-01 1.21031e+00 8.40824e-01 7.61344e-01 -4.53436e-02 -4.22374e+00
3.75265e-01 -5.63452e-09 6.50285e-01 1.21031e+00 8.40823e-01 7.61344e-01 -4.53435e-02 -4.22374e+00
3.77170e-01 -5.66127e-09 6.49800e-01 1.21031e+00 8.40823e-01 7.61344e-01 -4.53435e-02 -4.22374e+00
3.79075e-01 -5.68802e-09 6.49315e-01 1.21031e+00 8.40823e-01 7.61344e-01 -4.53435e-02 -4.22374e+00
